date,date_value,country,total_cases,total_deaths,new_cases,new_deaths,id_pandemic
2020-03-08,2020-03-08,Bangladesh,12,0,9,0,1
2020-03-09,2020-03-09,Bangladesh,23,0,11,0,1
2020-03-10,2020-03-10,Bangladesh,35,0,12,0,1
2020-03-11,2020-03-11,Bangladesh,47,0,12,0,1
2020-03-12,2020-03-12,Bangladesh,60,0,13,0,1
2020-03-13,2020-03-13,Bangladesh,72,0,12,0,1
2020-03-14,2020-03-14,Bangladesh,84,0,12,0,1
2020-03-15,2020-03-15,Bangladesh,95,0,11,0,1
2020-03-16,2020-03-16,Bangladesh,106,0,11,0,1
2020-03-17,2020-03-17,Bangladesh,116,0,10,0,1
2020-03-18,2020-03-18,Bangladesh,127,1,11,1,1
2020-03-19,2020-03-19,Bangladesh,138,1,11,0,1
2020-03-20,2020-03-20,Bangladesh,149,1,11,0,1
2020-03-21,2020-03-21,Bangladesh,161,2,12,1,1
2020-03-22,2020-03-22,Bangladesh,172,2,11,0,1
2020-03-23,2020-03-23,Bangladesh,185,3,13,1,1
2020-03-24,2020-03-24,Bangladesh,200,4,15,1,1
2020-03-25,2020-03-25,Bangladesh,215,5,15,1,1
2020-03-26,2020-03-26,Bangladesh,231,5,16,0,1
2020-03-27,2020-03-27,Bangladesh,246,5,15,0,1
2020-03-28,2020-03-28,Bangladesh,262,5,16,0,1
2020-03-29,2020-03-29,Bangladesh,280,5,18,0,1
2020-03-30,2020-03-30,Bangladesh,294,5,14,0,1
2020-03-31,2020-03-31,Bangladesh,306,5,12,0,1
2020-04-01,2020-04-01,Bangladesh,317,6,11,1,1
2020-04-02,2020-04-02,Bangladesh,326,6,9,0,1
2020-04-03,2020-04-03,Bangladesh,337,6,11,0,1
2020-04-04,2020-04-04,Bangladesh,353,8,16,2,1
2020-04-05,2020-04-05,Bangladesh,380,9,27,1,1
2020-04-06,2020-04-06,Bangladesh,431,12,51,3,1
2020-04-07,2020-04-07,Bangladesh,506,17,75,5,1
2020-04-08,2020-04-08,Bangladesh,610,20,104,3,1
2020-04-09,2020-04-09,Bangladesh,785,21,175,1,1
2020-04-10,2020-04-10,Bangladesh,999,27,214,6,1
2020-04-11,2020-04-11,Bangladesh,1212,30,213,3,1
2020-04-12,2020-04-12,Bangladesh,1490,34,278,4,1
2020-04-13,2020-04-13,Bangladesh,1851,39,361,5,1
2020-04-14,2020-04-14,Bangladesh,2295,46,444,7,1
2020-04-15,2020-04-15,Bangladesh,2808,50,513,4,1
2020-04-16,2020-04-16,Bangladesh,3459,60,651,10,1
2020-04-17,2020-04-17,Bangladesh,4161,75,702,15,1
2020-04-18,2020-04-18,Bangladesh,4928,84,767,9,1
2020-04-19,2020-04-19,Bangladesh,5745,91,817,7,1
2020-04-20,2020-04-20,Bangladesh,6711,101,966,10,1
2020-04-21,2020-04-21,Bangladesh,7754,110,1043,9,1
2020-04-22,2020-04-22,Bangladesh,8824,120,1070,10,1
2020-04-23,2020-04-23,Bangladesh,9927,127,1103,7,1
2020-04-24,2020-04-24,Bangladesh,11103,131,1176,4,1
2020-04-25,2020-04-25,Bangladesh,12210,140,1107,9,1
2020-04-26,2020-04-26,Bangladesh,13332,145,1122,5,1
2020-04-27,2020-04-27,Bangladesh,14509,152,1177,7,1
2020-04-28,2020-04-28,Bangladesh,15754,155,1245,3,1
2020-04-29,2020-04-29,Bangladesh,17095,163,1341,8,1
2020-04-30,2020-04-30,Bangladesh,18468,168,1373,5,1
2020-05-01,2020-05-01,Bangladesh,19866,170,1398,2,1
2020-05-02,2020-05-02,Bangladesh,21270,175,1404,5,1
2020-05-03,2020-05-03,Bangladesh,22732,177,1462,2,1
2020-05-04,2020-05-04,Bangladesh,24247,182,1515,5,1
2020-05-05,2020-05-05,Bangladesh,25842,183,1595,1,1
2020-05-06,2020-05-06,Bangladesh,27498,186,1656,3,1
2020-05-07,2020-05-07,Bangladesh,29161,199,1663,13,1
2020-05-08,2020-05-08,Bangladesh,30827,206,1666,7,1
2020-05-09,2020-05-09,Bangladesh,32458,214,1631,8,1
2020-05-10,2020-05-10,Bangladesh,34166,228,1708,14,1
2020-05-11,2020-05-11,Bangladesh,35982,239,1816,11,1
2020-05-12,2020-05-12,Bangladesh,37857,250,1875,11,1
2020-05-13,2020-05-13,Bangladesh,39834,269,1977,19,1
2020-05-14,2020-05-14,Bangladesh,41850,283,2016,14,1
2020-05-15,2020-05-15,Bangladesh,43940,298,2090,15,1
2020-05-16,2020-05-16,Bangladesh,45999,314,2059,16,1
2020-05-17,2020-05-17,Bangladesh,48132,328,2133,14,1
2020-05-18,2020-05-18,Bangladesh,50393,349,2261,21,1
2020-05-19,2020-05-19,Bangladesh,52670,370,2277,21,1
2020-05-20,2020-05-20,Bangladesh,55037,386,2367,16,1
2020-05-21,2020-05-21,Bangladesh,57500,408,2463,22,1
2020-05-22,2020-05-22,Bangladesh,60018,432,2518,24,1
2020-05-23,2020-05-23,Bangladesh,62608,452,2590,20,1
2020-05-24,2020-05-24,Bangladesh,65183,480,2575,28,1
2020-05-25,2020-05-25,Bangladesh,67827,501,2644,21,1
2020-05-26,2020-05-26,Bangladesh,70349,522,2522,21,1
2020-05-27,2020-05-27,Bangladesh,72862,544,2513,22,1
2020-05-28,2020-05-28,Bangladesh,75457,559,2595,15,1
2020-05-29,2020-05-29,Bangladesh,78205,582,2748,23,1
2020-05-30,2020-05-30,Bangladesh,80928,610,2723,28,1
2020-05-31,2020-05-31,Bangladesh,83773,650,2845,40,1
2020-06-01,2020-06-01,Bangladesh,86677,672,2904,22,1
2020-06-02,2020-06-02,Bangladesh,89729,709,3052,37,1
2020-06-03,2020-06-03,Bangladesh,92846,746,3117,37,1
2020-06-04,2020-06-04,Bangladesh,95957,781,3111,35,1
2020-06-05,2020-06-05,Bangladesh,99138,811,3181,30,1
2020-06-06,2020-06-06,Bangladesh,102331,846,3193,35,1
2020-06-07,2020-06-07,Bangladesh,105551,888,3220,42,1
2020-06-08,2020-06-08,Bangladesh,108786,930,3235,42,1
2020-06-09,2020-06-09,Bangladesh,112123,975,3337,45,1
2020-06-10,2020-06-10,Bangladesh,115539,1012,3416,37,1
2020-06-11,2020-06-11,Bangladesh,119012,1049,3473,37,1
2020-06-12,2020-06-12,Bangladesh,122592,1095,3580,46,1
2020-06-13,2020-06-13,Bangladesh,126112,1139,3520,44,1
2020-06-14,2020-06-14,Bangladesh,129643,1171,3531,32,1
2020-06-15,2020-06-15,Bangladesh,133170,1209,3527,38,1
2020-06-16,2020-06-16,Bangladesh,136874,1262,3704,53,1
2020-06-17,2020-06-17,Bangladesh,140749,1305,3875,43,1
2020-06-18,2020-06-18,Bangladesh,144699,1343,3950,38,1
2020-06-19,2020-06-19,Bangladesh,148567,1388,3868,45,1
2020-06-20,2020-06-20,Bangladesh,152367,1425,3800,37,1
2020-06-21,2020-06-21,Bangladesh,156179,1464,3812,39,1
2020-06-22,2020-06-22,Bangladesh,159985,1502,3806,38,1
2020-06-23,2020-06-23,Bangladesh,163768,1545,3783,43,1
2020-06-24,2020-06-24,Bangladesh,167543,1582,3775,37,1
2020-06-25,2020-06-25,Bangladesh,171431,1621,3888,39,1
2020-06-26,2020-06-26,Bangladesh,175384,1661,3953,40,1
2020-06-27,2020-06-27,Bangladesh,179294,1695,3910,34,1
2020-06-28,2020-06-28,Bangladesh,183245,1738,3951,43,1
2020-06-29,2020-06-29,Bangladesh,187277,1783,4032,45,1
2020-06-30,2020-06-30,Bangladesh,191286,1847,4009,64,1
2020-07-01,2020-07-01,Bangladesh,195297,1888,4011,41,1
2020-07-02,2020-07-02,Bangladesh,199371,1926,4074,38,1
2020-07-03,2020-07-03,Bangladesh,203271,1968,3900,42,1
2020-07-04,2020-07-04,Bangladesh,207075,1997,3804,29,1
2020-07-05,2020-07-05,Bangladesh,210684,2052,3609,55,1
2020-07-06,2020-07-06,Bangladesh,214244,2096,3560,44,1
2020-07-07,2020-07-07,Bangladesh,217728,2151,3484,55,1
2020-07-08,2020-07-08,Bangladesh,221261,2197,3533,46,1
2020-07-09,2020-07-09,Bangladesh,224804,2238,3543,41,1
2020-07-10,2020-07-10,Bangladesh,228263,2275,3459,37,1
2020-07-11,2020-07-11,Bangladesh,231604,2305,3341,30,1
2020-07-12,2020-07-12,Bangladesh,234852,2352,3248,47,1
2020-07-13,2020-07-13,Bangladesh,238123,2391,3271,39,1
2020-07-14,2020-07-14,Bangladesh,241428,2424,3305,33,1
2020-07-15,2020-07-15,Bangladesh,244848,2457,3420,33,1
2020-07-16,2020-07-16,Bangladesh,248180,2496,3332,39,1
2020-07-17,2020-07-17,Bangladesh,251508,2547,3328,51,1
2020-07-18,2020-07-18,Bangladesh,254767,2581,3259,34,1
2020-07-19,2020-07-19,Bangladesh,257924,2618,3157,37,1
2020-07-20,2020-07-20,Bangladesh,261100,2668,3176,50,1
2020-07-21,2020-07-21,Bangladesh,264320,2709,3220,41,1
2020-07-22,2020-07-22,Bangladesh,267509,2751,3189,42,1
2020-07-23,2020-07-23,Bangladesh,270699,2801,3190,50,1
2020-07-24,2020-07-24,Bangladesh,273829,2836,3130,35,1
2020-07-25,2020-07-25,Bangladesh,276909,2874,3080,38,1
2020-07-26,2020-07-26,Bangladesh,279906,2928,2997,54,1
2020-07-27,2020-07-27,Bangladesh,282937,2965,3031,37,1
