date,date_value,country,total_cases,total_deaths,new_cases,new_deaths,id_pandemic
2020-02-23,2020-02-23,Chile,8,0,6,0,1
2020-02-24,2020-02-24,Chile,26,0,18,0,1
2020-02-25,2020-02-25,Chile,56,0,30,0,1
2020-02-26,2020-02-26,Chile,92,0,36,0,1
2020-02-27,2020-02-27,Chile,133,0,41,0,1
2020-02-28,2020-02-28,Chile,178,0,45,0,1
2020-02-29,2020-02-29,Chile,224,0,46,0,1
2020-03-01,2020-03-01,Chile,269,0,45,0,1
2020-03-02,2020-03-02,Chile,317,0,48,0,1
2020-03-03,2020-03-03,Chile,357,0,40,0,1
2020-03-04,2020-03-04,Chile,400,0,43,0,1
2020-03-05,2020-03-05,Chile,437,0,37,0,1
2020-03-06,2020-03-06,Chile,480,0,43,0,1
2020-03-07,2020-03-07,Chile,528,0,48,0,1
2020-03-08,2020-03-08,Chile,571,0,43,0,1
2020-03-09,2020-03-09,Chile,620,0,49,0,1
2020-03-10,2020-03-10,Chile,662,0,42,0,1
2020-03-11,2020-03-11,Chile,702,0,40,0,1
2020-03-12,2020-03-12,Chile,757,0,55,0,1
2020-03-13,2020-03-13,Chile,816,0,59,0,1
2020-03-14,2020-03-14,Chile,889,0,73,0,1
2020-03-15,2020-03-15,Chile,955,0,66,0,1
2020-03-16,2020-03-16,Chile,1075,0,120,0,1
2020-03-17,2020-03-17,Chile,1206,0,131,0,1
2020-03-18,2020-03-18,Chile,1337,0,131,0,1
2020-03-19,2020-03-19,Chile,1504,0,167,0,1
2020-03-20,2020-03-20,Chile,1795,0,291,0,1
2020-03-21,2020-03-21,Chile,2128,0,333,0,1
2020-03-22,2020-03-22,Chile,2461,1,333,1,1
2020-03-23,2020-03-23,Chile,2809,2,348,1,1
2020-03-24,2020-03-24,Chile,3218,2,409,0,1
2020-03-25,2020-03-25,Chile,3708,3,490,1,1
2020-03-26,2020-03-26,Chile,4213,4,505,1,1
2020-03-27,2020-03-27,Chile,4838,5,625,1,1
2020-03-28,2020-03-28,Chile,5587,6,749,1,1
2020-03-29,2020-03-29,Chile,6338,7,751,1,1
2020-03-30,2020-03-30,Chile,7149,8,811,1,1
2020-03-31,2020-03-31,Chile,7987,12,838,4,1
2020-04-01,2020-04-01,Chile,8846,16,859,4,1
2020-04-02,2020-04-02,Chile,9777,18,931,2,1
2020-04-03,2020-04-03,Chile,10732,22,955,4,1
2020-04-04,2020-04-04,Chile,11826,27,1094,5,1
2020-04-05,2020-04-05,Chile,12883,34,1057,7,1
2020-04-06,2020-04-06,Chile,13933,37,1050,3,1
2020-04-07,2020-04-07,Chile,14943,43,1010,6,1
2020-04-08,2020-04-08,Chile,16013,48,1070,5,1
2020-04-09,2020-04-09,Chile,17124,57,1111,9,1
2020-04-10,2020-04-10,Chile,18333,65,1209,8,1
2020-04-11,2020-04-11,Chile,19703,73,1370,8,1
2020-04-12,2020-04-12,Chile,20936,80,1233,7,1
2020-04-13,2020-04-13,Chile,22079,82,1143,2,1
2020-04-14,2020-04-14,Chile,23209,92,1130,10,1
2020-04-15,2020-04-15,Chile,24302,94,1093,2,1
2020-04-16,2020-04-16,Chile,25487,105,1185,11,1
2020-04-17,2020-04-17,Chile,26682,116,1195,11,1
2020-04-18,2020-04-18,Chile,28154,126,1472,10,1
2020-04-19,2020-04-19,Chile,29507,133,1353,7,1
2020-04-20,2020-04-20,Chile,30808,139,1301,6,1
2020-04-21,2020-04-21,Chile,32000,147,1192,8,1
2020-04-22,2020-04-22,Chile,33205,160,1205,13,1
2020-04-23,2020-04-23,Chile,34453,168,1248,8,1
2020-04-24,2020-04-24,Chile,35720,174,1267,6,1
2020-04-25,2020-04-25,Chile,37427,181,1707,7,1
2020-04-26,2020-04-26,Chile,39031,189,1604,8,1
2020-04-27,2020-04-27,Chile,40559,198,1528,9,1
2020-04-28,2020-04-28,Chile,42071,207,1512,9,1
2020-04-29,2020-04-29,Chile,43548,216,1477,9,1
2020-04-30,2020-04-30,Chile,45320,227,1772,11,1
2020-05-01,2020-05-01,Chile,47252,234,1932,7,1
2020-05-02,2020-05-02,Chile,49739,247,2487,13,1
2020-05-03,2020-05-03,Chile,52317,260,2578,13,1
2020-05-04,2020-05-04,Chile,54852,270,2535,10,1
2020-05-05,2020-05-05,Chile,57504,275,2652,5,1
2020-05-06,2020-05-06,Chile,60107,281,2603,6,1
2020-05-07,2020-05-07,Chile,62850,285,2743,4,1
2020-05-08,2020-05-08,Chile,65650,294,2800,9,1
2020-05-09,2020-05-09,Chile,68934,304,3284,10,1
2020-05-10,2020-05-10,Chile,72218,312,3284,8,1
2020-05-11,2020-05-11,Chile,75344,323,3126,11,1
2020-05-12,2020-05-12,Chile,78493,335,3149,12,1
2020-05-13,2020-05-13,Chile,81872,346,3379,11,1
2020-05-14,2020-05-14,Chile,85422,368,3550,22,1
2020-05-15,2020-05-15,Chile,89068,394,3646,26,1
2020-05-16,2020-05-16,Chile,93407,421,4339,27,1
2020-05-17,2020-05-17,Chile,97619,450,4212,29,1
2020-05-18,2020-05-18,Chile,101706,478,4087,28,1
2020-05-19,2020-05-19,Chile,105918,509,4212,31,1
2020-05-20,2020-05-20,Chile,110322,544,4404,35,1
2020-05-21,2020-05-21,Chile,114851,589,4529,45,1
2020-05-22,2020-05-22,Chile,119534,630,4683,41,1
2020-05-23,2020-05-23,Chile,125852,673,6318,43,1
2020-05-24,2020-05-24,Chile,131779,718,5927,45,1
2020-05-25,2020-05-25,Chile,137644,761,5865,43,1
2020-05-26,2020-05-26,Chile,143240,806,5596,45,1
2020-05-27,2020-05-27,Chile,148693,841,5453,35,1
2020-05-28,2020-05-28,Chile,154100,890,5407,49,1
2020-05-29,2020-05-29,Chile,159260,944,5160,54,1
2020-05-30,2020-05-30,Chile,166869,997,7609,53,1
2020-05-31,2020-05-31,Chile,173959,1054,7090,57,1
2020-06-01,2020-06-01,Chile,180786,1113,6827,59,1
2020-06-02,2020-06-02,Chile,186961,1188,6175,75,1
2020-06-03,2020-06-03,Chile,192926,1275,5965,87,1
2020-06-04,2020-06-04,Chile,198658,1356,5732,81,1
2020-06-05,2020-06-05,Chile,204105,1448,5447,92,1
2020-06-06,2020-06-06,Chile,212112,1541,8007,93,1
2020-06-07,2020-06-07,Chile,219855,1637,7743,96,1
2020-06-08,2020-06-08,Chile,226940,2264,7085,627,1
2020-06-09,2020-06-09,Chile,233335,2283,6395,19,1
2020-06-10,2020-06-10,Chile,239607,2475,6272,192,1
2020-06-11,2020-06-11,Chile,245766,2648,6159,173,1
2020-06-12,2020-06-12,Chile,252139,2870,6373,222,1
2020-06-13,2020-06-13,Chile,259085,3101,6946,231,1
2020-06-14,2020-06-14,Chile,266112,3323,7027,222,1
2020-06-15,2020-06-15,Chile,272720,3362,6608,39,1
2020-06-16,2020-06-16,Chile,278967,3383,6247,21,1
2020-06-17,2020-06-17,Chile,284299,3615,5332,232,1
2020-06-18,2020-06-18,Chile,289437,3841,5138,226,1
2020-06-19,2020-06-19,Chile,294887,4093,5450,252,1
2020-06-20,2020-06-20,Chile,300340,4295,5453,202,1
2020-06-21,2020-06-21,Chile,305864,4479,5524,184,1
2020-06-22,2020-06-22,Chile,311203,4502,5339,23,1
2020-06-23,2020-06-23,Chile,316231,4505,5028,3,1
2020-06-24,2020-06-24,Chile,320993,4731,4762,226,1
2020-06-25,2020-06-25,Chile,325768,4903,4775,172,1
2020-06-26,2020-06-26,Chile,330482,5068,4714,165,1
2020-06-27,2020-06-27,Chile,335179,5347,4697,279,1
2020-06-28,2020-06-28,Chile,339828,5509,4649,162,1
2020-06-29,2020-06-29,Chile,344404,5575,4576,66,1
2020-06-30,2020-06-30,Chile,348807,5688,4403,113,1
2020-07-01,2020-07-01,Chile,352946,5753,4139,65,1
2020-07-02,2020-07-02,Chile,356860,5920,3914,167,1
2020-07-03,2020-07-03,Chile,360801,6051,3941,131,1
2020-07-04,2020-07-04,Chile,364812,6192,4011,141,1
2020-07-05,2020-07-05,Chile,368869,6308,4057,116,1
2020-07-06,2020-07-06,Chile,372845,6384,3976,76,1
2020-07-07,2020-07-07,Chile,376661,6434,3816,50,1
2020-07-08,2020-07-08,Chile,380278,6573,3617,139,1
2020-07-09,2020-07-09,Chile,383950,6682,3672,109,1
2020-07-10,2020-07-10,Chile,387658,6781,3708,99,1
2020-07-11,2020-07-11,Chile,391344,6881,3686,100,1
2020-07-12,2020-07-12,Chile,395064,6979,3720,98,1
2020-07-13,2020-07-13,Chile,398743,7024,3679,45,1
2020-07-14,2020-07-14,Chile,402232,7069,3489,45,1
2020-07-15,2020-07-15,Chile,405546,7186,3314,117,1
2020-07-16,2020-07-16,Chile,408902,7290,3356,104,1
2020-07-17,2020-07-17,Chile,412341,8347,3439,1057,1
2020-07-18,2020-07-18,Chile,415786,8445,3445,98,1
2020-07-19,2020-07-19,Chile,419174,8503,3388,58,1
2020-07-20,2020-07-20,Chile,422524,8633,3350,130,1
2020-07-21,2020-07-21,Chile,425739,8677,3215,44,1
2020-07-22,2020-07-22,Chile,428872,8722,3133,45,1
2020-07-23,2020-07-23,Chile,432088,8838,3216,116,1
2020-07-24,2020-07-24,Chile,435409,8914,3321,76,1
2020-07-25,2020-07-25,Chile,438764,9020,3355,106,1
2020-07-26,2020-07-26,Chile,442128,9112,3364,92,1
2020-07-27,2020-07-27,Chile,445488,9187,3360,75,1
