date,date_value,country,total_cases,total_deaths,new_cases,new_deaths,id_pandemic
2020-01-22,2020-01-22,China,915,17,367,0,1
2020-01-23,2020-01-23,China,1163,18,248,1,1
2020-01-24,2020-01-24,China,1417,26,254,8,1
2020-01-25,2020-01-25,China,1736,42,319,16,1
2020-01-26,2020-01-26,China,2145,56,409,14,1
2020-01-27,2020-01-27,China,2656,82,511,26,1
2020-01-28,2020-01-28,China,3766,131,1110,49,1
2020-01-29,2020-01-29,China,4783,133,1017,2,1
2020-01-30,2020-01-30,China,6112,171,1329,38,1
2020-01-31,2020-01-31,China,7565,213,1453,42,1
2020-02-01,2020-02-01,China,9239,259,1674,46,1
2020-02-02,2020-02-02,China,11874,361,2635,102,1
2020-02-03,2020-02-03,China,14749,425,2875,64,1
2020-02-04,2020-02-04,China,18070,491,3321,66,1
2020-02-05,2020-02-05,China,21645,563,3575,72,1
2020-02-06,2020-02-06,China,25228,633,3583,70,1
2020-02-07,2020-02-07,China,28916,718,3688,85,1
2020-02-08,2020-02-08,China,32426,805,3510,87,1
2020-02-09,2020-02-09,China,35881,905,3455,100,1
2020-02-10,2020-02-10,China,39138,1012,3257,107,1
2020-02-11,2020-02-11,China,42086,1112,2948,100,1
2020-02-12,2020-02-12,China,44746,1117,2660,5,1
2020-02-13,2020-02-13,China,50704,1369,5958,252,1
2020-02-14,2020-02-14,China,57052,1521,6348,152,1
2020-02-15,2020-02-15,China,62354,1663,5302,142,1
2020-02-16,2020-02-16,China,66839,1766,4485,103,1
2020-02-17,2020-02-17,China,70628,1864,3789,98,1
2020-02-18,2020-02-18,China,73832,2003,3204,139,1
2020-02-19,2020-02-19,China,76247,2116,2415,113,1
2020-02-20,2020-02-20,China,78068,2238,1821,122,1
2020-02-21,2020-02-21,China,79443,2238,1375,0,1
2020-02-22,2020-02-22,China,80713,2443,1270,205,1
2020-02-23,2020-02-23,China,81494,2445,781,2,1
2020-02-24,2020-02-24,China,82034,2595,540,150,1
2020-02-25,2020-02-25,China,82482,2665,448,70,1
2020-02-26,2020-02-26,China,82854,2717,372,52,1
2020-02-27,2020-02-27,China,83186,2746,332,29,1
2020-02-28,2020-02-28,China,83475,2790,289,44,1
2020-02-29,2020-02-29,China,83768,2837,293,47,1
2020-03-01,2020-03-01,China,84103,2872,335,35,1
2020-03-02,2020-03-02,China,84384,2914,281,42,1
2020-03-03,2020-03-03,China,84591,2947,207,33,1
2020-03-04,2020-03-04,China,84749,2983,158,36,1
2020-03-05,2020-03-05,China,84893,3015,144,32,1
2020-03-06,2020-03-06,China,85034,3044,141,29,1
2020-03-07,2020-03-07,China,85135,3072,101,28,1
2020-03-08,2020-03-08,China,85191,3100,56,28,1
2020-03-09,2020-03-09,China,85206,3123,15,23,1
2020-03-10,2020-03-10,China,85206,3139,0,16,1
2020-03-11,2020-03-11,China,85206,3161,0,22,1
2020-03-12,2020-03-12,China,85206,3172,0,11,1
2020-03-13,2020-03-13,China,85206,3180,0,8,1
2020-03-14,2020-03-14,China,85206,3193,0,13,1
2020-03-15,2020-03-15,China,85206,3203,0,10,1
2020-03-16,2020-03-16,China,85206,3217,0,14,1
2020-03-17,2020-03-17,China,85206,3230,0,13,1
2020-03-18,2020-03-18,China,85206,3241,0,11,1
2020-03-19,2020-03-19,China,85221,3249,15,8,1
2020-03-20,2020-03-20,China,85289,3253,68,4,1
2020-03-21,2020-03-21,China,85372,3259,83,6,1
2020-03-22,2020-03-22,China,85518,3274,146,15,1
2020-03-23,2020-03-23,China,85669,3274,151,0,1
2020-03-24,2020-03-24,China,85845,3281,176,7,1
2020-03-25,2020-03-25,China,86024,3285,179,4,1
2020-03-26,2020-03-26,China,86240,3291,216,6,1
2020-03-27,2020-03-27,China,86481,3296,241,5,1
2020-03-28,2020-03-28,China,86733,3299,252,3,1
2020-03-29,2020-03-29,China,87006,3304,273,5,1
2020-03-30,2020-03-30,China,87263,3308,257,4,1
2020-03-31,2020-03-31,China,87512,3309,249,1,1
2020-04-01,2020-04-01,China,87754,3316,242,7,1
2020-04-02,2020-04-02,China,87983,3322,229,6,1
2020-04-03,2020-04-03,China,88208,3326,225,4,1
2020-04-04,2020-04-04,China,88393,3330,185,4,1
2020-04-05,2020-04-05,China,88569,3333,176,3,1
2020-04-06,2020-04-06,China,88741,3335,172,2,1
2020-04-07,2020-04-07,China,88903,3335,162,0,1
2020-04-08,2020-04-08,China,89085,3337,182,2,1
2020-04-09,2020-04-09,China,89271,3339,186,2,1
2020-04-10,2020-04-10,China,89448,3340,177,1,1
2020-04-11,2020-04-11,China,89629,3343,181,3,1
2020-04-12,2020-04-12,China,89845,3343,216,0,1
2020-04-13,2020-04-13,China,90061,3345,216,2,1
2020-04-14,2020-04-14,China,90287,3345,226,0,1
2020-04-15,2020-04-15,China,90489,3346,202,1,1
2020-04-16,2020-04-16,China,90670,3346,181,0,1
2020-04-17,2020-04-17,China,90982,4636,312,1290,1
2020-04-18,2020-04-18,China,91232,4636,250,0,1
2020-04-19,2020-04-19,China,91425,4636,193,0,1
2020-04-20,2020-04-20,China,91569,4636,144,0,1
2020-04-21,2020-04-21,China,91696,4636,127,0,1
2020-04-22,2020-04-22,China,91793,4636,97,0,1
2020-04-23,2020-04-23,China,91868,4636,75,0,1
2020-04-24,2020-04-24,China,91926,4636,58,0,1
2020-04-25,2020-04-25,China,91967,4636,41,0,1
2020-04-26,2020-04-26,China,91990,4637,23,1,1
2020-04-27,2020-04-27,China,92002,4637,12,0,1
2020-04-28,2020-04-28,China,92021,4637,19,0,1
2020-04-29,2020-04-29,China,92030,4637,9,0,1
2020-04-30,2020-04-30,China,92040,4637,10,0,1
2020-05-01,2020-05-01,China,92043,4637,3,0,1
2020-05-02,2020-05-02,China,92045,4637,2,0,1
2020-05-03,2020-05-03,China,92045,4637,0,0,1
2020-05-04,2020-05-04,China,92045,4637,0,0,1
2020-05-05,2020-05-05,China,92045,4637,0,0,1
2020-05-06,2020-05-06,China,92045,4637,0,0,1
2020-05-07,2020-05-07,China,92045,4637,0,0,1
2020-05-08,2020-05-08,China,92045,4637,0,0,1
2020-05-09,2020-05-09,China,92049,4637,4,0,1
2020-05-10,2020-05-10,China,92067,4637,18,0,1
2020-05-11,2020-05-11,China,92079,4637,12,0,1
2020-05-12,2020-05-12,China,92092,4637,13,0,1
2020-05-13,2020-05-13,China,92105,4637,13,0,1
2020-05-14,2020-05-14,China,92118,4637,13,0,1
2020-05-15,2020-05-15,China,92134,4637,16,0,1
2020-05-16,2020-05-16,China,92150,4638,16,1,1
2020-05-17,2020-05-17,China,92169,4638,19,0,1
2020-05-18,2020-05-18,China,92190,4638,21,0,1
2020-05-19,2020-05-19,China,92211,4638,21,0,1
2020-05-20,2020-05-20,China,92233,4638,22,0,1
2020-05-21,2020-05-21,China,92257,4638,24,0,1
2020-05-22,2020-05-22,China,92290,4638,33,0,1
2020-05-23,2020-05-23,China,92316,4638,26,0,1
2020-05-24,2020-05-24,China,92344,4638,28,0,1
2020-05-25,2020-05-25,China,92370,4638,26,0,1
2020-05-26,2020-05-26,China,92389,4638,19,0,1
2020-05-27,2020-05-27,China,92405,4638,16,0,1
2020-05-28,2020-05-28,China,92424,4638,19,0,1
2020-05-29,2020-05-29,China,92452,4638,28,0,1
2020-05-30,2020-05-30,China,92476,4638,24,0,1
2020-05-31,2020-05-31,China,92509,4638,33,0,1
2020-06-01,2020-06-01,China,92540,4638,31,0,1
2020-06-02,2020-06-02,China,92568,4638,28,0,1
2020-06-03,2020-06-03,China,92597,4638,29,0,1
2020-06-04,2020-06-04,China,92627,4638,30,0,1
2020-06-05,2020-06-05,China,92654,4638,27,0,1
2020-06-06,2020-06-06,China,92681,4638,27,0,1
2020-06-07,2020-06-07,China,92704,4638,23,0,1
2020-06-08,2020-06-08,China,92724,4638,20,0,1
2020-06-09,2020-06-09,China,92740,4638,16,0,1
2020-06-10,2020-06-10,China,92760,4638,20,0,1
2020-06-11,2020-06-11,China,92780,4638,20,0,1
2020-06-12,2020-06-12,China,92804,4638,24,0,1
2020-06-13,2020-06-13,China,92869,4638,65,0,1
2020-06-14,2020-06-14,China,92959,4638,90,0,1
2020-06-15,2020-06-15,China,93063,4638,104,0,1
2020-06-16,2020-06-16,China,93178,4638,115,0,1
2020-06-17,2020-06-17,China,93294,4638,116,0,1
2020-06-18,2020-06-18,China,93411,4638,117,0,1
2020-06-19,2020-06-19,China,93526,4638,115,0,1
2020-06-20,2020-06-20,China,93659,4639,133,1,1
2020-06-21,2020-06-21,China,93773,4639,114,0,1
2020-06-22,2020-06-22,China,93899,4639,126,0,1
2020-06-23,2020-06-23,China,94016,4640,117,1,1
2020-06-24,2020-06-24,China,94118,4640,102,0,1
2020-06-25,2020-06-25,China,94215,4641,97,1,1
2020-06-26,2020-06-26,China,94304,4641,89,0,1
2020-06-27,2020-06-27,China,94382,4641,78,0,1
2020-06-28,2020-06-28,China,94448,4641,66,0,1
2020-06-29,2020-06-29,China,94513,4641,65,0,1
2020-06-30,2020-06-30,China,94562,4641,49,0,1
2020-07-01,2020-07-01,China,94620,4641,58,0,1
2020-07-02,2020-07-02,China,94672,4641,52,0,1
2020-07-03,2020-07-03,China,94713,4641,41,0,1
2020-07-04,2020-07-04,China,94756,4641,43,0,1
2020-07-05,2020-07-05,China,94797,4641,41,0,1
2020-07-06,2020-07-06,China,94839,4641,42,0,1
2020-07-07,2020-07-07,China,94891,4641,52,0,1
2020-07-08,2020-07-08,China,94955,4641,64,0,1
2020-07-09,2020-07-09,China,95036,4641,81,0,1
2020-07-10,2020-07-10,China,95119,4641,83,0,1
2020-07-11,2020-07-11,China,95242,4641,123,0,1
2020-07-12,2020-07-12,China,95371,4641,129,0,1
2020-07-13,2020-07-13,China,95500,4641,129,0,1
2020-07-14,2020-07-14,China,95678,4642,178,1,1
2020-07-15,2020-07-15,China,95826,4644,148,2,1
2020-07-16,2020-07-16,China,95999,4644,173,0,1
2020-07-17,2020-07-17,China,96186,4645,187,1,1
2020-07-18,2020-07-18,China,96336,4646,150,1,1
2020-07-19,2020-07-19,China,96512,4646,176,0,1
2020-07-20,2020-07-20,China,96729,4646,217,0,1
2020-07-21,2020-07-21,China,96956,4648,227,2,1
2020-07-22,2020-07-22,China,97253,4648,297,0,1
2020-07-23,2020-07-23,China,97574,4649,321,1,1
2020-07-24,2020-07-24,China,97922,4650,348,1,1
2020-07-25,2020-07-25,China,98301,4652,379,2,1
2020-07-26,2020-07-26,China,98707,4652,406,0,1
2020-07-27,2020-07-27,China,99144,4656,437,4,1
