date,date_value,country,total_cases,total_deaths,new_cases,new_deaths,id_pandemic
2020-03-06,2020-03-06,Colombia,4,0,3,0,1
2020-03-07,2020-03-07,Colombia,14,0,10,0,1
2020-03-08,2020-03-08,Colombia,30,0,16,0,1
2020-03-09,2020-03-09,Colombia,51,0,21,0,1
2020-03-10,2020-03-10,Colombia,73,0,22,0,1
2020-03-11,2020-03-11,Colombia,98,0,25,0,1
2020-03-12,2020-03-12,Colombia,126,0,28,0,1
2020-03-13,2020-03-13,Colombia,153,0,27,0,1
2020-03-14,2020-03-14,Colombia,184,0,31,0,1
2020-03-15,2020-03-15,Colombia,220,0,36,0,1
2020-03-16,2020-03-16,Colombia,269,0,49,0,1
2020-03-17,2020-03-17,Colombia,323,0,54,0,1
2020-03-18,2020-03-18,Colombia,389,0,66,0,1
2020-03-19,2020-03-19,Colombia,445,0,56,0,1
2020-03-20,2020-03-20,Colombia,532,0,87,0,1
2020-03-21,2020-03-21,Colombia,631,0,99,0,1
2020-03-22,2020-03-22,Colombia,737,2,106,2,1
2020-03-23,2020-03-23,Colombia,857,3,120,1,1
2020-03-24,2020-03-24,Colombia,1035,3,178,0,1
2020-03-25,2020-03-25,Colombia,1249,4,214,1,1
2020-03-26,2020-03-26,Colombia,1428,6,179,2,1
2020-03-27,2020-03-27,Colombia,1603,6,175,0,1
2020-03-28,2020-03-28,Colombia,1793,6,190,0,1
2020-03-29,2020-03-29,Colombia,2014,10,221,4,1
2020-03-30,2020-03-30,Colombia,2260,12,246,2,1
2020-03-31,2020-03-31,Colombia,2535,16,275,4,1
2020-04-01,2020-04-01,Colombia,2873,17,338,1,1
2020-04-02,2020-04-02,Colombia,3207,19,334,2,1
2020-04-03,2020-04-03,Colombia,3544,25,337,6,1
2020-04-04,2020-04-04,Colombia,3910,32,366,7,1
2020-04-05,2020-04-05,Colombia,4247,35,337,3,1
2020-04-06,2020-04-06,Colombia,4574,46,327,11,1
2020-04-07,2020-04-07,Colombia,4978,50,404,4,1
2020-04-08,2020-04-08,Colombia,5495,54,517,4,1
2020-04-09,2020-04-09,Colombia,6018,69,523,15,1
2020-04-10,2020-04-10,Colombia,6606,80,588,11,1
2020-04-11,2020-04-11,Colombia,7232,100,626,20,1
2020-04-12,2020-04-12,Colombia,7750,109,518,9,1
2020-04-13,2020-04-13,Colombia,8190,112,440,3,1
2020-04-14,2020-04-14,Colombia,8611,127,421,15,1
2020-04-15,2020-04-15,Colombia,9017,131,406,4,1
2020-04-16,2020-04-16,Colombia,9412,144,395,13,1
2020-04-17,2020-04-17,Colombia,9861,153,449,9,1
2020-04-18,2020-04-18,Colombia,10333,166,472,13,1
2020-04-19,2020-04-19,Colombia,10813,179,480,13,1
2020-04-20,2020-04-20,Colombia,11310,189,497,10,1
2020-04-21,2020-04-21,Colombia,11809,196,499,7,1
2020-04-22,2020-04-22,Colombia,12336,206,527,10,1
2020-04-23,2020-04-23,Colombia,12883,215,547,9,1
2020-04-24,2020-04-24,Colombia,13529,225,646,10,1
2020-04-25,2020-04-25,Colombia,14208,233,679,8,1
2020-04-26,2020-04-26,Colombia,14893,244,685,11,1
2020-04-27,2020-04-27,Colombia,15567,253,674,9,1
2020-04-28,2020-04-28,Colombia,16328,269,761,16,1
2020-04-29,2020-04-29,Colombia,17088,278,760,9,1
2020-04-30,2020-04-30,Colombia,17876,293,788,15,1
2020-05-01,2020-05-01,Colombia,18813,314,937,21,1
2020-05-02,2020-05-02,Colombia,19719,324,906,10,1
2020-05-03,2020-05-03,Colombia,20671,340,952,16,1
2020-05-04,2020-05-04,Colombia,21602,358,931,18,1
2020-05-05,2020-05-05,Colombia,22720,378,1118,20,1
2020-05-06,2020-05-06,Colombia,23804,397,1084,19,1
2020-05-07,2020-05-07,Colombia,24955,407,1151,10,1
2020-05-08,2020-05-08,Colombia,26211,428,1256,21,1
2020-05-09,2020-05-09,Colombia,27458,445,1247,17,1
2020-05-10,2020-05-10,Colombia,28767,463,1309,18,1
2020-05-11,2020-05-11,Colombia,30112,479,1345,16,1
2020-05-12,2020-05-12,Colombia,31539,493,1427,14,1
2020-05-13,2020-05-13,Colombia,33027,509,1488,16,1
2020-05-14,2020-05-14,Colombia,34569,525,1542,16,1
2020-05-15,2020-05-15,Colombia,36112,546,1543,21,1
2020-05-16,2020-05-16,Colombia,37711,562,1599,16,1
2020-05-17,2020-05-17,Colombia,39306,574,1595,12,1
2020-05-18,2020-05-18,Colombia,40938,592,1632,18,1
2020-05-19,2020-05-19,Colombia,42556,613,1618,21,1
2020-05-20,2020-05-20,Colombia,44215,630,1659,17,1
2020-05-21,2020-05-21,Colombia,45850,652,1635,22,1
2020-05-22,2020-05-22,Colombia,47539,682,1689,30,1
2020-05-23,2020-05-23,Colombia,49363,705,1824,23,1
2020-05-24,2020-05-24,Colombia,51272,727,1909,22,1
2020-05-25,2020-05-25,Colombia,53167,750,1895,23,1
2020-05-26,2020-05-26,Colombia,55133,776,1966,26,1
2020-05-27,2020-05-27,Colombia,57178,803,2045,27,1
2020-05-28,2020-05-28,Colombia,59329,822,2151,19,1
2020-05-29,2020-05-29,Colombia,61574,853,2245,31,1
2020-05-30,2020-05-30,Colombia,63943,890,2369,37,1
2020-05-31,2020-05-31,Colombia,66299,939,2356,49,1
2020-06-01,2020-06-01,Colombia,68628,969,2329,30,1
2020-06-02,2020-06-02,Colombia,70999,1009,2371,40,1
2020-06-03,2020-06-03,Colombia,73444,1045,2445,36,1
2020-06-04,2020-06-04,Colombia,75993,1087,2549,42,1
2020-06-05,2020-06-05,Colombia,78566,1145,2573,58,1
2020-06-06,2020-06-06,Colombia,81125,1205,2559,60,1
2020-06-07,2020-06-07,Colombia,83619,1259,2494,54,1
2020-06-08,2020-06-08,Colombia,86132,1308,2513,49,1
2020-06-09,2020-06-09,Colombia,88627,1372,2495,64,1
2020-06-10,2020-06-10,Colombia,91163,1433,2536,61,1
2020-06-11,2020-06-11,Colombia,93712,1488,2549,55,1
2020-06-12,2020-06-12,Colombia,96294,1545,2582,57,1
2020-06-13,2020-06-13,Colombia,98948,1592,2654,47,1
2020-06-14,2020-06-14,Colombia,101711,1667,2763,75,1
2020-06-15,2020-06-15,Colombia,104543,1726,2832,59,1
2020-06-16,2020-06-16,Colombia,107379,1801,2836,75,1
2020-06-17,2020-06-17,Colombia,110260,1864,2881,63,1
2020-06-18,2020-06-18,Colombia,113375,1950,3115,86,1
2020-06-19,2020-06-19,Colombia,116644,2045,3269,95,1
2020-06-20,2020-06-20,Colombia,119893,2126,3249,81,1
2020-06-21,2020-06-21,Colombia,123248,2237,3355,111,1
2020-06-22,2020-06-22,Colombia,126586,2310,3338,73,1
2020-06-23,2020-06-23,Colombia,129880,2404,3294,94,1
2020-06-24,2020-06-24,Colombia,133371,2491,3491,87,1
2020-06-25,2020-06-25,Colombia,136997,2654,3626,163,1
2020-06-26,2020-06-26,Colombia,140808,2811,3811,157,1
2020-06-27,2020-06-27,Colombia,144832,2939,4024,128,1
2020-06-28,2020-06-28,Colombia,148786,3178,3954,239,1
2020-06-29,2020-06-29,Colombia,152701,3274,3915,96,1
2020-06-30,2020-06-30,Colombia,156483,3334,3782,60,1
2020-07-01,2020-07-01,Colombia,160466,3470,3983,136,1
2020-07-02,2020-07-02,Colombia,164585,3641,4119,171,1
2020-07-03,2020-07-03,Colombia,168636,3777,4051,136,1
2020-07-04,2020-07-04,Colombia,172744,3942,4108,165,1
2020-07-05,2020-07-05,Colombia,176853,4064,4109,122,1
2020-07-06,2020-07-06,Colombia,180835,4210,3982,146,1
2020-07-07,2020-07-07,Colombia,184962,4359,4127,149,1
2020-07-08,2020-07-08,Colombia,189180,4527,4218,168,1
2020-07-09,2020-07-09,Colombia,193787,4714,4607,187,1
2020-07-10,2020-07-10,Colombia,199115,4925,5328,211,1
2020-07-11,2020-07-11,Colombia,204434,5119,5319,194,1
2020-07-12,2020-07-12,Colombia,209724,5307,5290,188,1
2020-07-13,2020-07-13,Colombia,214729,5455,5005,148,1
2020-07-14,2020-07-14,Colombia,219987,5625,5258,170,1
2020-07-15,2020-07-15,Colombia,225334,5814,5347,189,1
2020-07-16,2020-07-16,Colombia,231554,6029,6220,215,1
2020-07-17,2020-07-17,Colombia,238708,6288,7154,259,1
2020-07-18,2020-07-18,Colombia,246458,6516,7750,228,1
2020-07-19,2020-07-19,Colombia,254060,6736,7602,220,1
2020-07-20,2020-07-20,Colombia,261572,6929,7512,193,1
2020-07-21,2020-07-21,Colombia,269088,7166,7516,237,1
2020-07-22,2020-07-22,Colombia,276699,7373,7611,207,1
2020-07-23,2020-07-23,Colombia,284536,7688,7837,315,1
2020-07-24,2020-07-24,Colombia,292303,7975,7767,287,1
2020-07-25,2020-07-25,Colombia,300029,8269,7726,294,1
2020-07-26,2020-07-26,Colombia,309047,8269,9018,0,1
2020-07-27,2020-07-27,Colombia,320428,8777,11381,508,1
