date,date_value,country,total_cases,total_deaths,new_cases,new_deaths,id_pandemic
2020-01-31,2020-01-31,Italy,8,0,6,0,1
2020-02-01,2020-02-01,Italy,106,0,98,0,1
2020-02-02,2020-02-02,Italy,280,0,174,0,1
2020-02-03,2020-02-03,Italy,506,0,226,0,1
2020-02-04,2020-02-04,Italy,767,0,261,0,1
2020-02-05,2020-02-05,Italy,1053,0,286,0,1
2020-02-06,2020-02-06,Italy,1347,0,294,0,1
2020-02-07,2020-02-07,Italy,1602,0,255,0,1
2020-02-08,2020-02-08,Italy,1872,0,270,0,1
2020-02-09,2020-02-09,Italy,2149,0,277,0,1
2020-02-10,2020-02-10,Italy,2436,0,287,0,1
2020-02-11,2020-02-11,Italy,2729,0,293,0,1
2020-02-12,2020-02-12,Italy,3038,0,309,0,1
2020-02-13,2020-02-13,Italy,3351,0,313,0,1
2020-02-14,2020-02-14,Italy,3666,0,315,0,1
2020-02-15,2020-02-15,Italy,3982,0,316,0,1
2020-02-16,2020-02-16,Italy,4283,0,301,0,1
2020-02-17,2020-02-17,Italy,4592,0,309,0,1
2020-02-18,2020-02-18,Italy,4907,0,315,0,1
2020-02-19,2020-02-19,Italy,5231,0,324,0,1
2020-02-20,2020-02-20,Italy,5539,0,308,0,1
2020-02-21,2020-02-21,Italy,5781,1,242,1,1
2020-02-22,2020-02-22,Italy,5994,2,213,1,1
2020-02-23,2020-02-23,Italy,6226,3,232,1,1
2020-02-24,2020-02-24,Italy,6457,7,231,4,1
2020-02-25,2020-02-25,Italy,6703,10,246,3,1
2020-02-26,2020-02-26,Italy,6991,12,288,2,1
2020-02-27,2020-02-27,Italy,7365,17,374,5,1
2020-02-28,2020-02-28,Italy,7828,21,463,4,1
2020-02-29,2020-02-29,Italy,8363,29,535,8,1
2020-03-01,2020-03-01,Italy,9149,34,786,5,1
2020-03-02,2020-03-02,Italy,9998,52,849,18,1
2020-03-03,2020-03-03,Italy,10967,79,969,27,1
2020-03-04,2020-03-04,Italy,12088,107,1121,28,1
2020-03-05,2020-03-05,Italy,13401,148,1313,41,1
2020-03-06,2020-03-06,Italy,14860,197,1459,49,1
2020-03-07,2020-03-07,Italy,16566,233,1706,36,1
2020-03-08,2020-03-08,Italy,18508,366,1942,133,1
2020-03-09,2020-03-09,Italy,20682,463,2174,97,1
2020-03-10,2020-03-10,Italy,22845,631,2163,168,1
2020-03-11,2020-03-11,Italy,25267,827,2422,196,1
2020-03-12,2020-03-12,Italy,27948,1016,2681,189,1
2020-03-13,2020-03-13,Italy,30798,1266,2850,250,1
2020-03-14,2020-03-14,Italy,33989,1441,3191,175,1
2020-03-15,2020-03-15,Italy,37456,1809,3467,368,1
2020-03-16,2020-03-16,Italy,41035,2158,3579,349,1
2020-03-17,2020-03-17,Italy,44760,2503,3725,345,1
2020-03-18,2020-03-18,Italy,48769,2978,4009,475,1
2020-03-19,2020-03-19,Italy,53303,3405,4534,427,1
2020-03-20,2020-03-20,Italy,58425,4032,5122,627,1
2020-03-21,2020-03-21,Italy,64155,4825,5730,793,1
2020-03-22,2020-03-22,Italy,70039,5476,5884,651,1
2020-03-23,2020-03-23,Italy,75798,6077,5759,601,1
2020-03-24,2020-03-24,Italy,81574,6820,5776,743,1
2020-03-25,2020-03-25,Italy,87336,7503,5762,683,1
2020-03-26,2020-03-26,Italy,93365,8215,6029,712,1
2020-03-27,2020-03-27,Italy,99499,9134,6134,919,1
2020-03-28,2020-03-28,Italy,105720,10023,6221,889,1
2020-03-29,2020-03-29,Italy,111772,10779,6052,756,1
2020-03-30,2020-03-30,Italy,117349,11591,5577,812,1
2020-03-31,2020-03-31,Italy,122552,12428,5203,837,1
2020-04-01,2020-04-01,Italy,127665,13155,5113,727,1
2020-04-02,2020-04-02,Italy,132674,13915,5009,760,1
2020-04-03,2020-04-03,Italy,137578,14681,4904,766,1
2020-04-04,2020-04-04,Italy,142463,15362,4885,681,1
2020-04-05,2020-04-05,Italy,147195,15887,4732,525,1
2020-04-06,2020-04-06,Italy,151616,16523,4421,636,1
2020-04-07,2020-04-07,Italy,155660,17127,4044,604,1
2020-04-08,2020-04-08,Italy,159618,17669,3958,542,1
2020-04-09,2020-04-09,Italy,163615,18279,3997,610,1
2020-04-10,2020-04-10,Italy,167579,18849,3964,570,1
2020-04-11,2020-04-11,Italy,171729,19468,4150,619,1
2020-04-12,2020-04-12,Italy,175859,19899,4130,431,1
2020-04-13,2020-04-13,Italy,179733,20465,3874,566,1
2020-04-14,2020-04-14,Italy,183370,21067,3637,602,1
2020-04-15,2020-04-15,Italy,186761,21645,3391,578,1
2020-04-16,2020-04-16,Italy,190238,22170,3477,525,1
2020-04-17,2020-04-17,Italy,193712,22745,3474,575,1
2020-04-18,2020-04-18,Italy,197189,23227,3477,482,1
2020-04-19,2020-04-19,Italy,200564,23660,3375,433,1
2020-04-20,2020-04-20,Italy,203697,24114,3133,454,1
2020-04-21,2020-04-21,Italy,206744,24648,3047,534,1
2020-04-22,2020-04-22,Italy,209881,25085,3137,437,1
2020-04-23,2020-04-23,Italy,212925,25549,3044,464,1
2020-04-24,2020-04-24,Italy,215986,25969,3061,420,1
2020-04-25,2020-04-25,Italy,218923,26384,2937,415,1
2020-04-26,2020-04-26,Italy,221761,26644,2838,260,1
2020-04-27,2020-04-27,Italy,224421,26977,2660,333,1
2020-04-28,2020-04-28,Italy,227012,27359,2591,382,1
2020-04-29,2020-04-29,Italy,229554,27682,2542,323,1
2020-04-30,2020-04-30,Italy,232026,27967,2472,285,1
2020-05-01,2020-05-01,Italy,234466,28236,2440,269,1
2020-05-02,2020-05-02,Italy,236875,28710,2409,474,1
2020-05-03,2020-05-03,Italy,239168,28884,2293,174,1
2020-05-04,2020-05-04,Italy,241340,29079,2172,195,1
2020-05-05,2020-05-05,Italy,243387,29315,2047,236,1
2020-05-06,2020-05-06,Italy,245428,29684,2041,369,1
2020-05-07,2020-05-07,Italy,247462,29958,2034,274,1
2020-05-08,2020-05-08,Italy,249480,30201,2018,243,1
2020-05-09,2020-05-09,Italy,251431,30395,1951,194,1
2020-05-10,2020-05-10,Italy,253246,30560,1815,165,1
2020-05-11,2020-05-11,Italy,254938,30739,1692,179,1
2020-05-12,2020-05-12,Italy,256727,30911,1789,172,1
2020-05-13,2020-05-13,Italy,258462,31106,1735,195,1
2020-05-14,2020-05-14,Italy,260192,31368,1730,262,1
2020-05-15,2020-05-15,Italy,261854,31610,1662,242,1
2020-05-16,2020-05-16,Italy,263499,31763,1645,153,1
2020-05-17,2020-05-17,Italy,265057,31908,1558,145,1
2020-05-18,2020-05-18,Italy,266439,32007,1382,99,1
2020-05-19,2020-05-19,Italy,267857,32169,1418,162,1
2020-05-20,2020-05-20,Italy,269247,32330,1390,161,1
2020-05-21,2020-05-21,Italy,270610,32486,1363,156,1
2020-05-22,2020-05-22,Italy,271960,32616,1350,130,1
2020-05-23,2020-05-23,Italy,273311,32735,1351,119,1
2020-05-24,2020-05-24,Italy,274600,32785,1289,50,1
2020-05-25,2020-05-25,Italy,275707,32877,1107,92,1
2020-05-26,2020-05-26,Italy,276739,32955,1032,78,1
2020-05-27,2020-05-27,Italy,277819,33072,1080,117,1
2020-05-28,2020-05-28,Italy,278945,33142,1126,70,1
2020-05-29,2020-05-29,Italy,280071,33229,1126,87,1
2020-05-30,2020-05-30,Italy,281143,33340,1072,111,1
2020-05-31,2020-05-31,Italy,282125,33415,982,75,1
2020-06-01,2020-06-01,Italy,282947,33475,822,60,1
2020-06-02,2020-06-02,Italy,283732,33530,785,55,1
2020-06-03,2020-06-03,Italy,284494,33601,762,71,1
2020-06-04,2020-06-04,Italy,285140,33689,646,88,1
2020-06-05,2020-06-05,Italy,285919,33774,779,85,1
2020-06-06,2020-06-06,Italy,286653,33846,734,72,1
2020-06-07,2020-06-07,Italy,287303,33899,650,53,1
2020-06-08,2020-06-08,Italy,287950,33964,647,65,1
2020-06-09,2020-06-09,Italy,288600,34043,650,79,1
2020-06-10,2020-06-10,Italy,289197,34114,597,71,1
2020-06-11,2020-06-11,Italy,289876,34167,679,53,1
2020-06-12,2020-06-12,Italy,290470,34223,594,56,1
2020-06-13,2020-06-13,Italy,291131,34301,661,78,1
2020-06-14,2020-06-14,Italy,291839,34345,708,44,1
2020-06-15,2020-06-15,Italy,292561,34371,722,26,1
2020-06-16,2020-06-16,Italy,293231,34405,670,34,1
2020-06-17,2020-06-17,Italy,293943,34448,712,43,1
2020-06-18,2020-06-18,Italy,294691,34514,748,66,1
2020-06-19,2020-06-19,Italy,295389,34561,698,47,1
2020-06-20,2020-06-20,Italy,296082,34610,693,49,1
2020-06-21,2020-06-21,Italy,296743,34634,661,24,1
2020-06-22,2020-06-22,Italy,297378,34657,635,23,1
2020-06-23,2020-06-23,Italy,297910,34675,532,18,1
2020-06-24,2020-06-24,Italy,298663,34644,753,-31,1
2020-06-25,2020-06-25,Italy,299425,34678,762,34,1
2020-06-26,2020-06-26,Italy,300165,34708,740,30,1
2020-06-27,2020-06-27,Italy,300829,34716,664,8,1
2020-06-28,2020-06-28,Italy,301434,34738,605,22,1
2020-06-29,2020-06-29,Italy,301956,34744,522,6,1
2020-06-30,2020-06-30,Italy,302428,34767,472,23,1
2020-07-01,2020-07-01,Italy,302894,34788,466,21,1
2020-07-02,2020-07-02,Italy,303371,34818,477,30,1
2020-07-03,2020-07-03,Italy,303874,34833,503,15,1
2020-07-04,2020-07-04,Italy,304407,34854,533,21,1
2020-07-05,2020-07-05,Italy,304933,34861,526,7,1
2020-07-06,2020-07-06,Italy,305465,34869,532,8,1
2020-07-07,2020-07-07,Italy,305949,34899,484,30,1
2020-07-08,2020-07-08,Italy,306439,34914,490,15,1
2020-07-09,2020-07-09,Italy,306950,34926,511,12,1
2020-07-10,2020-07-10,Italy,307523,34938,573,12,1
2020-07-11,2020-07-11,Italy,308080,34945,557,7,1
2020-07-12,2020-07-12,Italy,308658,34954,578,9,1
2020-07-13,2020-07-13,Italy,309205,34967,547,13,1
2020-07-14,2020-07-14,Italy,309684,34984,479,17,1
2020-07-15,2020-07-15,Italy,310148,34997,464,13,1
2020-07-16,2020-07-16,Italy,310653,35017,505,20,1
2020-07-17,2020-07-17,Italy,311191,35028,538,11,1
2020-07-18,2020-07-18,Italy,311767,35042,576,14,1
2020-07-19,2020-07-19,Italy,312351,35045,584,3,1
2020-07-20,2020-07-20,Italy,312919,35058,568,13,1
2020-07-21,2020-07-21,Italy,313427,35073,508,15,1
2020-07-22,2020-07-22,Italy,314001,35082,574,9,1
2020-07-23,2020-07-23,Italy,314644,35092,643,10,1
2020-07-24,2020-07-24,Italy,315303,35097,659,5,1
2020-07-25,2020-07-25,Italy,315989,35102,686,5,1
2020-07-26,2020-07-26,Italy,316681,35107,692,5,1
2020-07-27,2020-07-27,Italy,317314,35112,633,5,1
