date,date_value,country,total_cases,total_deaths,new_cases,new_deaths,id_pandemic
2020-02-25,2020-02-25,Pakistan,8,0,6,0,1
2020-02-26,2020-02-26,Pakistan,20,0,12,0,1
2020-02-27,2020-02-27,Pakistan,38,0,18,0,1
2020-02-28,2020-02-28,Pakistan,56,0,18,0,1
2020-02-29,2020-02-29,Pakistan,79,0,23,0,1
2020-03-01,2020-03-01,Pakistan,106,0,27,0,1
2020-03-02,2020-03-02,Pakistan,129,0,23,0,1
2020-03-03,2020-03-03,Pakistan,154,0,25,0,1
2020-03-04,2020-03-04,Pakistan,186,0,32,0,1
2020-03-05,2020-03-05,Pakistan,212,0,26,0,1
2020-03-06,2020-03-06,Pakistan,244,0,32,0,1
2020-03-07,2020-03-07,Pakistan,283,0,39,0,1
2020-03-08,2020-03-08,Pakistan,330,0,47,0,1
2020-03-09,2020-03-09,Pakistan,375,0,45,0,1
2020-03-10,2020-03-10,Pakistan,412,0,37,0,1
2020-03-11,2020-03-11,Pakistan,440,0,28,0,1
2020-03-12,2020-03-12,Pakistan,468,0,28,0,1
2020-03-13,2020-03-13,Pakistan,491,0,23,0,1
2020-03-14,2020-03-14,Pakistan,527,0,36,0,1
2020-03-15,2020-03-15,Pakistan,626,0,99,0,1
2020-03-16,2020-03-16,Pakistan,788,0,162,0,1
2020-03-17,2020-03-17,Pakistan,966,0,178,0,1
2020-03-18,2020-03-18,Pakistan,1233,2,267,2,1
2020-03-19,2020-03-19,Pakistan,1476,3,243,1,1
2020-03-20,2020-03-20,Pakistan,1848,3,372,0,1
2020-03-21,2020-03-21,Pakistan,2169,5,321,2,1
2020-03-22,2020-03-22,Pakistan,2494,6,325,1,1
2020-03-23,2020-03-23,Pakistan,2819,7,325,1,1
2020-03-24,2020-03-24,Pakistan,3137,8,318,1,1
2020-03-25,2020-03-25,Pakistan,3488,9,351,1,1
2020-03-26,2020-03-26,Pakistan,3891,11,403,2,1
2020-03-27,2020-03-27,Pakistan,4292,12,401,1,1
2020-03-28,2020-03-28,Pakistan,4674,14,382,2,1
2020-03-29,2020-03-29,Pakistan,5054,21,380,7,1
2020-03-30,2020-03-30,Pakistan,5513,26,459,5,1
2020-03-31,2020-03-31,Pakistan,6000,27,487,1,1
2020-04-01,2020-04-01,Pakistan,6599,34,599,7,1
2020-04-02,2020-04-02,Pakistan,7256,40,657,6,1
2020-04-03,2020-04-03,Pakistan,7852,41,596,1,1
2020-04-04,2020-04-04,Pakistan,8555,47,703,6,1
2020-04-05,2020-04-05,Pakistan,9507,53,952,6,1
2020-04-06,2020-04-06,Pakistan,10431,57,924,4,1
2020-04-07,2020-04-07,Pakistan,11298,61,867,4,1
2020-04-08,2020-04-08,Pakistan,12117,65,819,4,1
2020-04-09,2020-04-09,Pakistan,12881,66,764,1,1
2020-04-10,2020-04-10,Pakistan,13683,86,802,20,1
2020-04-11,2020-04-11,Pakistan,14441,91,758,5,1
2020-04-12,2020-04-12,Pakistan,15199,93,758,2,1
2020-04-13,2020-04-13,Pakistan,16010,96,811,3,1
2020-04-14,2020-04-14,Pakistan,16992,111,982,15,1
2020-04-15,2020-04-15,Pakistan,18098,128,1106,17,1
2020-04-16,2020-04-16,Pakistan,18993,135,895,7,1
2020-04-17,2020-04-17,Pakistan,20071,143,1078,8,1
2020-04-18,2020-04-18,Pakistan,21339,168,1268,25,1
2020-04-19,2020-04-19,Pakistan,22322,176,983,8,1
2020-04-20,2020-04-20,Pakistan,23691,201,1369,25,1
2020-04-21,2020-04-21,Pakistan,25067,212,1376,11,1
2020-04-22,2020-04-22,Pakistan,26710,237,1643,25,1
2020-04-23,2020-04-23,Pakistan,28436,253,1726,16,1
2020-04-24,2020-04-24,Pakistan,30220,269,1784,16,1
2020-04-25,2020-04-25,Pakistan,31954,281,1734,12,1
2020-04-26,2020-04-26,Pakistan,33634,292,1680,11,1
2020-04-27,2020-04-27,Pakistan,35327,312,1693,20,1
2020-04-28,2020-04-28,Pakistan,37126,343,1799,31,1
2020-04-29,2020-04-29,Pakistan,39134,385,2008,42,1
2020-04-30,2020-04-30,Pakistan,41302,417,2168,32,1
2020-05-01,2020-05-01,Pakistan,43485,440,2183,23,1
2020-05-02,2020-05-02,Pakistan,45672,457,2187,17,1
2020-05-03,2020-05-03,Pakistan,47806,476,2134,19,1
2020-05-04,2020-05-04,Pakistan,49992,514,2186,38,1
2020-05-05,2020-05-05,Pakistan,52439,564,2447,50,1
2020-05-06,2020-05-06,Pakistan,54619,585,2180,21,1
2020-05-07,2020-05-07,Pakistan,57006,599,2387,14,1
2020-05-08,2020-05-08,Pakistan,59646,636,2640,37,1
2020-05-09,2020-05-09,Pakistan,62340,659,2694,23,1
2020-05-10,2020-05-10,Pakistan,65102,706,2762,47,1
2020-05-11,2020-05-11,Pakistan,68009,737,2907,31,1
2020-05-12,2020-05-12,Pakistan,70703,761,2694,24,1
2020-05-13,2020-05-13,Pakistan,72993,770,2290,9,1
2020-05-14,2020-05-14,Pakistan,75662,834,2669,64,1
2020-05-15,2020-05-15,Pakistan,78409,834,2747,0,1
2020-05-16,2020-05-16,Pakistan,81095,873,2686,39,1
2020-05-17,2020-05-17,Pakistan,83871,903,2776,30,1
2020-05-18,2020-05-18,Pakistan,86688,939,2817,36,1
2020-05-19,2020-05-19,Pakistan,89551,985,2863,46,1
2020-05-20,2020-05-20,Pakistan,92495,1017,2944,32,1
2020-05-21,2020-05-21,Pakistan,95573,1067,3078,50,1
2020-05-22,2020-05-22,Pakistan,98591,1101,3018,34,1
2020-05-23,2020-05-23,Pakistan,101639,1133,3048,32,1
2020-05-24,2020-05-24,Pakistan,104628,1167,2989,34,1
2020-05-25,2020-05-25,Pakistan,107475,1197,2847,30,1
2020-05-26,2020-05-26,Pakistan,110234,1225,2759,28,1
2020-05-27,2020-05-27,Pakistan,113058,1260,2824,35,1
2020-05-28,2020-05-28,Pakistan,116064,1317,3006,57,1
2020-05-29,2020-05-29,Pakistan,119141,1395,3077,78,1
2020-05-30,2020-05-30,Pakistan,122386,1483,3245,88,1
2020-05-31,2020-05-31,Pakistan,125743,1543,3357,60,1
2020-06-01,2020-06-01,Pakistan,129394,1621,3651,78,1
2020-06-02,2020-06-02,Pakistan,133298,1688,3904,67,1
2020-06-03,2020-06-03,Pakistan,137579,1770,4281,82,1
2020-06-04,2020-06-04,Pakistan,141937,1838,4358,68,1
2020-06-05,2020-06-05,Pakistan,146535,1935,4598,97,1
2020-06-06,2020-06-06,Pakistan,151370,2002,4835,67,1
2020-06-07,2020-06-07,Pakistan,156316,2067,4946,65,1
2020-06-08,2020-06-08,Pakistan,161317,2172,5001,105,1
2020-06-09,2020-06-09,Pakistan,166550,2255,5233,83,1
2020-06-10,2020-06-10,Pakistan,172079,2356,5529,101,1
2020-06-11,2020-06-11,Pakistan,177988,2463,5909,107,1
2020-06-12,2020-06-12,Pakistan,184286,2463,6298,0,1
2020-06-13,2020-06-13,Pakistan,190786,2551,6500,88,1
2020-06-14,2020-06-14,Pakistan,199097,2729,8311,178,1
2020-06-15,2020-06-15,Pakistan,206557,2839,7460,110,1
2020-06-16,2020-06-16,Pakistan,213716,2975,7159,136,1
2020-06-17,2020-06-17,Pakistan,220491,3093,6775,118,1
2020-06-18,2020-06-18,Pakistan,226845,3229,6354,136,1
2020-06-19,2020-06-19,Pakistan,233334,3382,6489,153,1
2020-06-20,2020-06-20,Pakistan,239455,3501,6121,119,1
2020-06-21,2020-06-21,Pakistan,245161,3590,5706,89,1
2020-06-22,2020-06-22,Pakistan,250415,3695,5254,105,1
2020-06-23,2020-06-23,Pakistan,255308,3755,4893,60,1
2020-06-24,2020-06-24,Pakistan,259964,3903,4656,148,1
2020-06-25,2020-06-25,Pakistan,264171,3962,4207,59,1
2020-06-26,2020-06-26,Pakistan,268109,4035,3938,73,1
2020-06-27,2020-06-27,Pakistan,272059,4118,3950,83,1
2020-06-28,2020-06-28,Pakistan,275908,4167,3849,49,1
2020-06-29,2020-06-29,Pakistan,279539,4304,3631,137,1
2020-06-30,2020-06-30,Pakistan,283296,4395,3757,91,1
2020-07-01,2020-07-01,Pakistan,287211,4473,3915,78,1
2020-07-02,2020-07-02,Pakistan,291192,4551,3981,78,1
2020-07-03,2020-07-03,Pakistan,295024,4551,3832,0,1
2020-07-04,2020-07-04,Pakistan,298792,4619,3768,68,1
2020-07-05,2020-07-05,Pakistan,303347,4762,4555,143,1
2020-07-06,2020-07-06,Pakistan,307544,4839,4197,77,1
2020-07-07,2020-07-07,Pakistan,311520,4922,3976,83,1
2020-07-08,2020-07-08,Pakistan,315405,4983,3885,61,1
2020-07-09,2020-07-09,Pakistan,319102,5058,3697,75,1
2020-07-10,2020-07-10,Pakistan,322658,5123,3556,65,1
2020-07-11,2020-07-11,Pakistan,326068,5197,3410,74,1
2020-07-12,2020-07-12,Pakistan,329413,5266,3345,69,1
2020-07-13,2020-07-13,Pakistan,332571,5320,3158,54,1
2020-07-14,2020-07-14,Pakistan,335626,5386,3055,66,1
2020-07-15,2020-07-15,Pakistan,338604,5426,2978,40,1
2020-07-16,2020-07-16,Pakistan,341747,5426,3143,0,1
2020-07-17,2020-07-17,Pakistan,345183,5522,3436,96,1
2020-07-18,2020-07-18,Pakistan,348357,5568,3174,46,1
2020-07-19,2020-07-19,Pakistan,351334,5599,2977,31,1
2020-07-20,2020-07-20,Pakistan,353994,5639,2660,40,1
2020-07-21,2020-07-21,Pakistan,356519,5677,2525,38,1
2020-07-22,2020-07-22,Pakistan,359049,5709,2530,32,1
2020-07-23,2020-07-23,Pakistan,361450,5763,2401,54,1
2020-07-24,2020-07-24,Pakistan,363834,5787,2384,24,1
2020-07-25,2020-07-25,Pakistan,366141,5822,2307,35,1
2020-07-26,2020-07-26,Pakistan,368471,5822,2330,0,1
2020-07-27,2020-07-27,Pakistan,370731,5842,2260,20,1
