date,date_value,country,total_cases,total_deaths,new_cases,new_deaths,id_pandemic
2020-03-06,2020-03-06,Peru,4,0,3,0,1
2020-03-07,2020-03-07,Peru,16,0,12,0,1
2020-03-08,2020-03-08,Peru,36,0,20,0,1
2020-03-09,2020-03-09,Peru,57,0,21,0,1
2020-03-10,2020-03-10,Peru,81,0,24,0,1
2020-03-11,2020-03-11,Peru,114,0,33,0,1
2020-03-12,2020-03-12,Peru,146,0,32,0,1
2020-03-13,2020-03-13,Peru,185,0,39,0,1
2020-03-14,2020-03-14,Peru,226,0,41,0,1
2020-03-15,2020-03-15,Peru,264,0,38,0,1
2020-03-16,2020-03-16,Peru,333,0,69,0,1
2020-03-17,2020-03-17,Peru,415,0,82,0,1
2020-03-18,2020-03-18,Peru,503,0,88,0,1
2020-03-19,2020-03-19,Peru,649,0,146,0,1
2020-03-20,2020-03-20,Peru,797,3,148,3,1
2020-03-21,2020-03-21,Peru,983,5,186,2,1
2020-03-22,2020-03-22,Peru,1164,5,181,0,1
2020-03-23,2020-03-23,Peru,1328,5,164,0,1
2020-03-24,2020-03-24,Peru,1469,7,141,2,1
2020-03-25,2020-03-25,Peru,1629,9,160,2,1
2020-03-26,2020-03-26,Peru,1834,9,205,0,1
2020-03-27,2020-03-27,Peru,2034,11,200,2,1
2020-03-28,2020-03-28,Peru,2213,16,179,5,1
2020-03-29,2020-03-29,Peru,2499,18,286,2,1
2020-03-30,2020-03-30,Peru,2797,24,298,6,1
2020-03-31,2020-03-31,Peru,3118,30,321,6,1
2020-04-01,2020-04-01,Peru,3573,38,455,8,1
2020-04-02,2020-04-02,Peru,3991,55,418,17,1
2020-04-03,2020-04-03,Peru,4455,61,464,6,1
2020-04-04,2020-04-04,Peru,4928,73,473,12,1
2020-04-05,2020-04-05,Peru,5697,83,769,10,1
2020-04-06,2020-04-06,Peru,6506,92,809,9,1
2020-04-07,2020-04-07,Peru,7428,107,922,15,1
2020-04-08,2020-04-08,Peru,8982,121,1554,14,1
2020-04-09,2020-04-09,Peru,10800,138,1818,17,1
2020-04-10,2020-04-10,Peru,12654,169,1854,31,1
2020-04-11,2020-04-11,Peru,14706,181,2052,12,1
2020-04-12,2020-04-12,Peru,16741,193,2035,12,1
2020-04-13,2020-04-13,Peru,19379,216,2638,23,1
2020-04-14,2020-04-14,Peru,21749,230,2370,14,1
2020-04-15,2020-04-15,Peru,24270,254,2521,24,1
2020-04-16,2020-04-16,Peru,26824,274,2554,20,1
2020-04-17,2020-04-17,Peru,29386,300,2562,26,1
2020-04-18,2020-04-18,Peru,31911,348,2525,48,1
2020-04-19,2020-04-19,Peru,34535,400,2624,52,1
2020-04-20,2020-04-20,Peru,36961,445,2426,45,1
2020-04-21,2020-04-21,Peru,39618,484,2657,39,1
2020-04-22,2020-04-22,Peru,42412,530,2794,46,1
2020-04-23,2020-04-23,Peru,45396,572,2984,42,1
2020-04-24,2020-04-24,Peru,48099,634,2703,62,1
2020-04-25,2020-04-25,Peru,51439,700,3340,66,1
2020-04-26,2020-04-26,Peru,54973,728,3534,28,1
2020-04-27,2020-04-27,Peru,58316,782,3343,54,1
2020-04-28,2020-04-28,Peru,61905,854,3589,72,1
2020-04-29,2020-04-29,Peru,65727,943,3822,89,1
2020-04-30,2020-04-30,Peru,69779,1051,4052,108,1
2020-05-01,2020-05-01,Peru,74078,1124,4299,73,1
2020-05-02,2020-05-02,Peru,78275,1200,4197,76,1
2020-05-03,2020-05-03,Peru,82651,1286,4376,86,1
2020-05-04,2020-05-04,Peru,86693,1344,4042,58,1
2020-05-05,2020-05-05,Peru,91009,1444,4316,100,1
2020-05-06,2020-05-06,Peru,95497,1533,4488,89,1
2020-05-07,2020-05-07,Peru,100125,1627,4628,94,1
2020-05-08,2020-05-08,Peru,104783,1714,4658,87,1
2020-05-09,2020-05-09,Peru,109429,1814,4646,100,1
2020-05-10,2020-05-10,Peru,113885,1889,4456,75,1
2020-05-11,2020-05-11,Peru,117965,1961,4080,72,1
2020-05-12,2020-05-12,Peru,122161,2057,4196,96,1
2020-05-13,2020-05-13,Peru,126631,2169,4470,112,1
2020-05-14,2020-05-14,Peru,131321,2267,4690,98,1
2020-05-15,2020-05-15,Peru,136099,2392,4778,125,1
2020-05-16,2020-05-16,Peru,140968,2523,4869,131,1
2020-05-17,2020-05-17,Peru,145845,2648,4877,125,1
2020-05-18,2020-05-18,Peru,150524,2789,4679,141,1
2020-05-19,2020-05-19,Peru,155402,2914,4878,125,1
2020-05-20,2020-05-20,Peru,160427,3024,5025,110,1
2020-05-21,2020-05-21,Peru,165606,3148,5179,124,1
2020-05-22,2020-05-22,Peru,170554,3244,4948,96,1
2020-05-23,2020-05-23,Peru,175525,3373,4971,129,1
2020-05-24,2020-05-24,Peru,180540,3456,5015,83,1
2020-05-25,2020-05-25,Peru,185550,3629,5010,173,1
2020-05-26,2020-05-26,Peru,190929,3788,5379,159,1
2020-05-27,2020-05-27,Peru,196683,3983,5754,195,1
2020-05-28,2020-05-28,Peru,202652,4099,5969,116,1
2020-05-29,2020-05-29,Peru,208937,4230,6285,131,1
2020-05-30,2020-05-30,Peru,215692,4371,6755,141,1
2020-05-31,2020-05-31,Peru,223199,4506,7507,135,1
2020-06-01,2020-06-01,Peru,230408,4634,7209,128,1
2020-06-02,2020-06-02,Peru,238044,4767,7636,133,1
2020-06-03,2020-06-03,Peru,244085,4894,6041,127,1
2020-06-04,2020-06-04,Peru,249848,5031,5763,137,1
2020-06-05,2020-06-05,Peru,255380,5162,5532,131,1
2020-06-06,2020-06-06,Peru,260765,5301,5385,139,1
2020-06-07,2020-06-07,Peru,266120,5465,5355,164,1
2020-06-08,2020-06-08,Peru,271156,5571,5036,106,1
2020-06-09,2020-06-09,Peru,276106,5738,4950,167,1
2020-06-10,2020-06-10,Peru,281209,5903,5103,165,1
2020-06-11,2020-06-11,Peru,286639,6088,5430,185,1
2020-06-12,2020-06-12,Peru,292463,6088,5824,0,1
2020-06-13,2020-06-13,Peru,298451,6308,5988,220,1
2020-06-14,2020-06-14,Peru,305387,6688,6936,380,1
2020-06-15,2020-06-15,Peru,311666,6860,6279,172,1
2020-06-16,2020-06-16,Peru,317597,7056,5931,196,1
2020-06-17,2020-06-17,Peru,323179,7257,5582,201,1
2020-06-18,2020-06-18,Peru,328442,7461,5263,204,1
2020-06-19,2020-06-19,Peru,333471,7660,5029,199,1
2020-06-20,2020-06-20,Peru,338301,7861,4830,201,1
2020-06-21,2020-06-21,Peru,343017,8045,4716,184,1
2020-06-22,2020-06-22,Peru,347446,8223,4429,178,1
2020-06-23,2020-06-23,Peru,351822,8404,4376,181,1
2020-06-24,2020-06-24,Peru,356259,8586,4437,182,1
2020-06-25,2020-06-25,Peru,360756,8761,4497,175,1
2020-06-26,2020-06-26,Peru,365277,8939,4521,178,1
2020-06-27,2020-06-27,Peru,369797,9135,4520,196,1
2020-06-28,2020-06-28,Peru,374284,9317,4487,182,1
2020-06-29,2020-06-29,Peru,378663,9504,4379,187,1
2020-06-30,2020-06-30,Peru,382943,9677,4280,173,1
2020-07-01,2020-07-01,Peru,387228,9860,4285,183,1
2020-07-02,2020-07-02,Peru,391568,10045,4340,185,1
2020-07-03,2020-07-03,Peru,395967,10226,4399,181,1
2020-07-04,2020-07-04,Peru,400394,10412,4427,186,1
2020-07-05,2020-07-05,Peru,404873,10589,4479,177,1
2020-07-06,2020-07-06,Peru,409276,10772,4403,183,1
2020-07-07,2020-07-07,Peru,413729,10952,4453,180,1
2020-07-08,2020-07-08,Peru,418232,11133,4503,181,1
2020-07-09,2020-07-09,Peru,422758,11314,4526,181,1
2020-07-10,2020-07-10,Peru,427241,11500,4483,186,1
2020-07-11,2020-07-11,Peru,431667,11682,4426,182,1
2020-07-12,2020-07-12,Peru,436150,11870,4483,188,1
2020-07-13,2020-07-13,Peru,440711,12054,4561,184,1
2020-07-14,2020-07-14,Peru,445323,12229,4612,175,1
2020-07-15,2020-07-15,Peru,450000,12417,4677,188,1
2020-07-16,2020-07-16,Peru,454718,12615,4718,198,1
2020-07-17,2020-07-17,Peru,459488,12799,4770,184,1
2020-07-18,2020-07-18,Peru,464299,12998,4811,199,1
2020-07-19,2020-07-19,Peru,469165,13187,4866,189,1
2020-07-20,2020-07-20,Peru,474072,13384,4907,197,1
2020-07-21,2020-07-21,Peru,479070,13579,4998,195,1
2020-07-22,2020-07-22,Peru,484148,13767,5078,188,1
2020-07-23,2020-07-23,Peru,489301,17654,5153,3887,1
2020-07-24,2020-07-24,Peru,494577,17843,5276,189,1
2020-07-25,2020-07-25,Peru,501161,17843,6584,0,1
2020-07-26,2020-07-26,Peru,508692,17843,7531,0,1
2020-07-27,2020-07-27,Peru,518268,18418,9576,575,1
