date,date_value,country,total_cases,total_deaths,new_cases,new_deaths,id_pandemic
2020-03-02,2020-03-02,Saudi Arabia,4,0,3,0,1
2020-03-03,2020-03-03,Saudi Arabia,19,0,15,0,1
2020-03-04,2020-03-04,Saudi Arabia,43,0,24,0,1
2020-03-05,2020-03-05,Saudi Arabia,71,0,28,0,1
2020-03-06,2020-03-06,Saudi Arabia,105,0,34,0,1
2020-03-07,2020-03-07,Saudi Arabia,145,0,40,0,1
2020-03-08,2020-03-08,Saudi Arabia,186,0,41,0,1
2020-03-09,2020-03-09,Saudi Arabia,224,0,38,0,1
2020-03-10,2020-03-10,Saudi Arabia,261,0,37,0,1
2020-03-11,2020-03-11,Saudi Arabia,292,0,31,0,1
2020-03-12,2020-03-12,Saudi Arabia,339,0,47,0,1
2020-03-13,2020-03-13,Saudi Arabia,413,0,74,0,1
2020-03-14,2020-03-14,Saudi Arabia,486,0,73,0,1
2020-03-15,2020-03-15,Saudi Arabia,574,0,88,0,1
2020-03-16,2020-03-16,Saudi Arabia,655,0,81,0,1
2020-03-17,2020-03-17,Saudi Arabia,763,0,108,0,1
2020-03-18,2020-03-18,Saudi Arabia,889,0,126,0,1
2020-03-19,2020-03-19,Saudi Arabia,1073,0,184,0,1
2020-03-20,2020-03-20,Saudi Arabia,1274,0,201,0,1
2020-03-21,2020-03-21,Saudi Arabia,1467,0,193,0,1
2020-03-22,2020-03-22,Saudi Arabia,1714,0,247,0,1
2020-03-23,2020-03-23,Saudi Arabia,1943,0,229,0,1
2020-03-24,2020-03-24,Saudi Arabia,2284,1,341,1,1
2020-03-25,2020-03-25,Saudi Arabia,2653,2,369,1,1
2020-03-26,2020-03-26,Saudi Arabia,3025,3,372,1,1
2020-03-27,2020-03-27,Saudi Arabia,3380,3,355,0,1
2020-03-28,2020-03-28,Saudi Arabia,3727,4,347,1,1
2020-03-29,2020-03-29,Saudi Arabia,4064,8,337,4,1
2020-03-30,2020-03-30,Saudi Arabia,4440,8,376,0,1
2020-03-31,2020-03-31,Saudi Arabia,4809,10,369,2,1
2020-04-01,2020-04-01,Saudi Arabia,5210,16,401,6,1
2020-04-02,2020-04-02,Saudi Arabia,5641,21,431,5,1
2020-04-03,2020-04-03,Saudi Arabia,6085,25,444,4,1
2020-04-04,2020-04-04,Saudi Arabia,6527,29,442,4,1
2020-04-05,2020-04-05,Saudi Arabia,7031,34,504,5,1
2020-04-06,2020-04-06,Saudi Arabia,7567,38,536,4,1
2020-04-07,2020-04-07,Saudi Arabia,8116,41,549,3,1
2020-04-08,2020-04-08,Saudi Arabia,8632,41,516,0,1
2020-04-09,2020-04-09,Saudi Arabia,9283,44,651,3,1
2020-04-10,2020-04-10,Saudi Arabia,10043,47,760,3,1
2020-04-11,2020-04-11,Saudi Arabia,10898,52,855,5,1
2020-04-12,2020-04-12,Saudi Arabia,11853,59,955,7,1
2020-04-13,2020-04-13,Saudi Arabia,12910,65,1057,6,1
2020-04-14,2020-04-14,Saudi Arabia,14019,73,1109,8,1
2020-04-15,2020-04-15,Saudi Arabia,15200,79,1181,6,1
2020-04-16,2020-04-16,Saudi Arabia,16448,83,1248,4,1
2020-04-17,2020-04-17,Saudi Arabia,17872,87,1424,4,1
2020-04-18,2020-04-18,Saudi Arabia,19571,92,1699,5,1
2020-04-19,2020-04-19,Saudi Arabia,21463,97,1892,5,1
2020-04-20,2020-04-20,Saudi Arabia,23508,103,2045,6,1
2020-04-21,2020-04-21,Saudi Arabia,25672,109,2164,6,1
2020-04-22,2020-04-22,Saudi Arabia,27919,114,2247,5,1
2020-04-23,2020-04-23,Saudi Arabia,30228,121,2309,7,1
2020-04-24,2020-04-24,Saudi Arabia,32581,127,2353,6,1
2020-04-25,2020-04-25,Saudi Arabia,34970,136,2389,9,1
2020-04-26,2020-04-26,Saudi Arabia,37387,139,2417,3,1
2020-04-27,2020-04-27,Saudi Arabia,39838,144,2451,5,1
2020-04-28,2020-04-28,Saudi Arabia,42304,152,2466,8,1
2020-04-29,2020-04-29,Saudi Arabia,44792,157,2488,5,1
2020-04-30,2020-04-30,Saudi Arabia,47299,162,2507,5,1
2020-05-01,2020-05-01,Saudi Arabia,49814,169,2515,7,1
2020-05-02,2020-05-02,Saudi Arabia,52336,176,2522,7,1
2020-05-03,2020-05-03,Saudi Arabia,54906,184,2570,8,1
2020-05-04,2020-05-04,Saudi Arabia,57529,191,2623,7,1
2020-05-05,2020-05-05,Saudi Arabia,60179,200,2650,9,1
2020-05-06,2020-05-06,Saudi Arabia,62866,209,2687,9,1
2020-05-07,2020-05-07,Saudi Arabia,65599,219,2733,10,1
2020-05-08,2020-05-08,Saudi Arabia,68346,229,2747,10,1
2020-05-09,2020-05-09,Saudi Arabia,71101,239,2755,10,1
2020-05-10,2020-05-10,Saudi Arabia,73901,246,2800,7,1
2020-05-11,2020-05-11,Saudi Arabia,76742,255,2841,9,1
2020-05-12,2020-05-12,Saudi Arabia,79602,264,2860,9,1
2020-05-13,2020-05-13,Saudi Arabia,82472,273,2870,9,1
2020-05-14,2020-05-14,Saudi Arabia,85372,283,2900,10,1
2020-05-15,2020-05-15,Saudi Arabia,88342,292,2970,9,1
2020-05-16,2020-05-16,Saudi Arabia,91462,302,3120,10,1
2020-05-17,2020-05-17,Saudi Arabia,94674,312,3212,10,1
2020-05-18,2020-05-18,Saudi Arabia,97927,320,3253,8,1
2020-05-19,2020-05-19,Saudi Arabia,101193,329,3266,9,1
2020-05-20,2020-05-20,Saudi Arabia,104498,339,3305,10,1
2020-05-21,2020-05-21,Saudi Arabia,107801,351,3303,12,1
2020-05-22,2020-05-22,Saudi Arabia,111119,364,3318,13,1
2020-05-23,2020-05-23,Saudi Arabia,114409,379,3290,15,1
2020-05-24,2020-05-24,Saudi Arabia,117667,390,3258,11,1
2020-05-25,2020-05-25,Saudi Arabia,120868,399,3201,9,1
2020-05-26,2020-05-26,Saudi Arabia,123968,411,3100,12,1
2020-05-27,2020-05-27,Saudi Arabia,126966,425,2998,14,1
2020-05-28,2020-05-28,Saudi Arabia,129850,441,2884,16,1
2020-05-29,2020-05-29,Saudi Arabia,132633,458,2783,17,1
2020-05-30,2020-05-30,Saudi Arabia,135348,480,2715,22,1
2020-05-31,2020-05-31,Saudi Arabia,138064,503,2716,23,1
2020-06-01,2020-06-01,Saudi Arabia,140784,525,2720,22,1
2020-06-02,2020-06-02,Saudi Arabia,143507,549,2723,24,1
2020-06-03,2020-06-03,Saudi Arabia,146289,579,2782,30,1
2020-06-04,2020-06-04,Saudi Arabia,149083,611,2794,32,1
2020-06-05,2020-06-05,Saudi Arabia,151998,642,2915,31,1
2020-06-06,2020-06-06,Saudi Arabia,155111,676,3113,34,1
2020-06-07,2020-06-07,Saudi Arabia,158361,712,3250,36,1
2020-06-08,2020-06-08,Saudi Arabia,161783,746,3422,34,1
2020-06-09,2020-06-09,Saudi Arabia,165317,783,3534,37,1
2020-06-10,2020-06-10,Saudi Arabia,169030,819,3713,36,1
2020-06-11,2020-06-11,Saudi Arabia,172881,857,3851,38,1
2020-06-12,2020-06-12,Saudi Arabia,176879,893,3998,36,1
2020-06-13,2020-06-13,Saudi Arabia,180856,932,3977,39,1
2020-06-14,2020-06-14,Saudi Arabia,185017,972,4161,40,1
2020-06-15,2020-06-15,Saudi Arabia,189386,1011,4369,39,1
2020-06-16,2020-06-16,Saudi Arabia,193847,1052,4461,41,1
2020-06-17,2020-06-17,Saudi Arabia,198544,1091,4697,39,1
2020-06-18,2020-06-18,Saudi Arabia,203372,1139,4828,48,1
2020-06-19,2020-06-19,Saudi Arabia,208174,1184,4802,45,1
2020-06-20,2020-06-20,Saudi Arabia,212859,1230,4685,46,1
2020-06-21,2020-06-21,Saudi Arabia,217316,1267,4457,37,1
2020-06-22,2020-06-22,Saudi Arabia,221596,1307,4280,40,1
2020-06-23,2020-06-23,Saudi Arabia,225682,1346,4086,39,1
2020-06-24,2020-06-24,Saudi Arabia,229614,1387,3932,41,1
2020-06-25,2020-06-25,Saudi Arabia,233480,1428,3866,41,1
2020-06-26,2020-06-26,Saudi Arabia,237427,1474,3947,46,1
2020-06-27,2020-06-27,Saudi Arabia,241435,1511,4008,37,1
2020-06-28,2020-06-28,Saudi Arabia,245505,1551,4070,40,1
2020-06-29,2020-06-29,Saudi Arabia,249613,1599,4108,48,1
2020-06-30,2020-06-30,Saudi Arabia,253860,1649,4247,50,1
2020-07-01,2020-07-01,Saudi Arabia,257978,1698,4118,49,1
2020-07-02,2020-07-02,Saudi Arabia,261990,1752,4012,54,1
2020-07-03,2020-07-03,Saudi Arabia,266112,1802,4122,50,1
2020-07-04,2020-07-04,Saudi Arabia,270303,1858,4191,56,1
2020-07-05,2020-07-05,Saudi Arabia,274415,1916,4112,58,1
2020-07-06,2020-07-06,Saudi Arabia,278616,1968,4201,52,1
2020-07-07,2020-07-07,Saudi Arabia,282693,2017,4077,49,1
2020-07-08,2020-07-08,Saudi Arabia,286598,2059,3905,42,1
2020-07-09,2020-07-09,Saudi Arabia,290402,2100,3804,41,1
2020-07-10,2020-07-10,Saudi Arabia,294124,2151,3722,51,1
2020-07-11,2020-07-11,Saudi Arabia,297751,2181,3627,30,1
2020-07-12,2020-07-12,Saudi Arabia,301264,2223,3513,42,1
2020-07-13,2020-07-13,Saudi Arabia,304707,2243,3443,20,1
2020-07-14,2020-07-14,Saudi Arabia,308069,2283,3362,40,1
2020-07-15,2020-07-15,Saudi Arabia,311367,2325,3298,42,1
2020-07-16,2020-07-16,Saudi Arabia,314638,2370,3271,45,1
2020-07-17,2020-07-17,Saudi Arabia,317863,2407,3225,37,1
2020-07-18,2020-07-18,Saudi Arabia,321047,2447,3184,40,1
2020-07-19,2020-07-19,Saudi Arabia,324192,2486,3145,39,1
2020-07-20,2020-07-20,Saudi Arabia,327297,2523,3105,37,1
2020-07-21,2020-07-21,Saudi Arabia,330383,2557,3086,34,1
2020-07-22,2020-07-22,Saudi Arabia,333431,2601,3048,44,1
2020-07-23,2020-07-23,Saudi Arabia,336436,2635,3005,34,1
2020-07-24,2020-07-24,Saudi Arabia,339437,2672,3001,37,1
2020-07-25,2020-07-25,Saudi Arabia,342405,2703,2968,31,1
2020-07-26,2020-07-26,Saudi Arabia,345309,2733,2904,30,1
2020-07-27,2020-07-27,Saudi Arabia,348170,2760,2861,27,1
