date,date_value,country,total_cases,total_deaths,new_cases,new_deaths,id_pandemic
2020-02-01,2020-02-01,Spain,4,0,3,0,1
2020-02-02,2020-02-02,Spain,20,0,16,0,1
2020-02-03,2020-02-03,Spain,48,0,28,0,1
2020-02-04,2020-02-04,Spain,86,0,38,0,1
2020-02-05,2020-02-05,Spain,129,0,43,0,1
2020-02-06,2020-02-06,Spain,175,0,46,0,1
2020-02-07,2020-02-07,Spain,224,0,49,0,1
2020-02-08,2020-02-08,Spain,274,0,50,0,1
2020-02-09,2020-02-09,Spain,316,0,42,0,1
2020-02-10,2020-02-10,Spain,362,0,46,0,1
2020-02-11,2020-02-11,Spain,410,0,48,0,1
2020-02-12,2020-02-12,Spain,459,0,49,0,1
2020-02-13,2020-02-13,Spain,509,0,50,0,1
2020-02-14,2020-02-14,Spain,561,0,52,0,1
2020-02-15,2020-02-15,Spain,613,0,52,0,1
2020-02-16,2020-02-16,Spain,664,0,51,0,1
2020-02-17,2020-02-17,Spain,717,0,53,0,1
2020-02-18,2020-02-18,Spain,772,0,55,0,1
2020-02-19,2020-02-19,Spain,830,0,58,0,1
2020-02-20,2020-02-20,Spain,893,0,63,0,1
2020-02-21,2020-02-21,Spain,960,0,67,0,1
2020-02-22,2020-02-22,Spain,1027,0,67,0,1
2020-02-23,2020-02-23,Spain,1096,0,69,0,1
2020-02-24,2020-02-24,Spain,1166,0,70,0,1
2020-02-25,2020-02-25,Spain,1220,0,54,0,1
2020-02-26,2020-02-26,Spain,1265,0,45,0,1
2020-02-27,2020-02-27,Spain,1299,0,34,0,1
2020-02-28,2020-02-28,Spain,1337,0,38,0,1
2020-02-29,2020-02-29,Spain,1375,0,38,0,1
2020-03-01,2020-03-01,Spain,1436,0,61,0,1
2020-03-02,2020-03-02,Spain,1512,0,76,0,1
2020-03-03,2020-03-03,Spain,1607,1,95,1,1
2020-03-04,2020-03-04,Spain,1727,2,120,1,1
2020-03-05,2020-03-05,Spain,1849,3,122,1,1
2020-03-06,2020-03-06,Spain,2060,5,211,2,1
2020-03-07,2020-03-07,Spain,2305,10,245,5,1
2020-03-08,2020-03-08,Spain,2635,17,330,7,1
2020-03-09,2020-03-09,Spain,3194,28,559,11,1
2020-03-10,2020-03-10,Spain,4063,35,869,7,1
2020-03-11,2020-03-11,Spain,5146,54,1083,19,1
2020-03-12,2020-03-12,Spain,6472,55,1326,1,1
2020-03-13,2020-03-13,Spain,8531,133,2059,78,1
2020-03-14,2020-03-14,Spain,10765,195,2234,62,1
2020-03-15,2020-03-15,Spain,13197,289,2432,94,1
2020-03-16,2020-03-16,Spain,15928,342,2731,53,1
2020-03-17,2020-03-17,Spain,18813,533,2885,191,1
2020-03-18,2020-03-18,Spain,21872,623,3059,90,1
2020-03-19,2020-03-19,Spain,25435,830,3563,207,1
2020-03-20,2020-03-20,Spain,29043,1043,3608,213,1
2020-03-21,2020-03-21,Spain,33234,1375,4191,332,1
2020-03-22,2020-03-22,Spain,37480,1772,4246,397,1
2020-03-23,2020-03-23,Spain,42526,2311,5046,539,1
2020-03-24,2020-03-24,Spain,47722,2808,5196,497,1
2020-03-25,2020-03-25,Spain,54432,3647,6710,839,1
2020-03-26,2020-03-26,Spain,61883,4365,7451,718,1
2020-03-27,2020-03-27,Spain,69778,5138,7895,773,1
2020-03-28,2020-03-28,Spain,77861,5982,8083,844,1
2020-03-29,2020-03-29,Spain,85870,6803,8009,821,1
2020-03-30,2020-03-30,Spain,94081,7716,8211,913,1
2020-03-31,2020-03-31,Spain,102459,8464,8378,748,1
2020-04-01,2020-04-01,Spain,111009,9387,8550,923,1
2020-04-02,2020-04-02,Spain,119596,10348,8587,961,1
2020-04-03,2020-04-03,Spain,127949,11198,8353,850,1
2020-04-04,2020-04-04,Spain,136054,11947,8105,749,1
2020-04-05,2020-04-05,Spain,143524,12641,7470,694,1
2020-04-06,2020-04-06,Spain,150369,13341,6845,700,1
2020-04-07,2020-04-07,Spain,156791,14045,6422,704,1
2020-04-08,2020-04-08,Spain,163170,14792,6379,747,1
2020-04-09,2020-04-09,Spain,169161,15447,5991,655,1
2020-04-10,2020-04-10,Spain,174867,16081,5706,634,1
2020-04-11,2020-04-11,Spain,180279,16606,5412,525,1
2020-04-12,2020-04-12,Spain,185235,17209,4956,603,1
2020-04-13,2020-04-13,Spain,189731,17756,4496,547,1
2020-04-14,2020-04-14,Spain,193724,18056,3993,300,1
2020-04-15,2020-04-15,Spain,197944,18708,4220,652,1
2020-04-16,2020-04-16,Spain,202983,19315,5039,607,1
2020-04-17,2020-04-17,Spain,208254,20002,5271,687,1
2020-04-18,2020-04-18,Spain,212496,20043,4242,41,1
2020-04-19,2020-04-19,Spain,217465,20453,4969,410,1
2020-04-20,2020-04-20,Spain,221697,20852,4232,399,1
2020-04-21,2020-04-21,Spain,225856,21282,4159,430,1
2020-04-22,2020-04-22,Spain,230025,21717,4169,435,1
2020-04-23,2020-04-23,Spain,234317,22157,4292,440,1
2020-04-24,2020-04-24,Spain,238659,22524,4342,367,1
2020-04-25,2020-04-25,Spain,242706,22902,4047,378,1
2020-04-26,2020-04-26,Spain,246307,23190,3601,288,1
2020-04-27,2020-04-27,Spain,249592,23521,3285,331,1
2020-04-28,2020-04-28,Spain,252517,23822,2925,301,1
2020-04-29,2020-04-29,Spain,255361,24275,2844,453,1
2020-04-30,2020-04-30,Spain,257630,24543,2269,268,1
2020-05-01,2020-05-01,Spain,259920,24543,2290,0,1
2020-05-02,2020-05-02,Spain,262141,25100,2221,557,1
2020-05-03,2020-05-03,Spain,264155,25264,2014,164,1
2020-05-04,2020-05-04,Spain,265849,25428,1694,164,1
2020-05-05,2020-05-05,Spain,267634,25613,1785,185,1
2020-05-06,2020-05-06,Spain,269394,25857,1760,244,1
2020-05-07,2020-05-07,Spain,271191,26070,1797,213,1
2020-05-08,2020-05-08,Spain,273115,26299,1924,229,1
2020-05-09,2020-05-09,Spain,274890,26478,1775,179,1
2020-05-10,2020-05-10,Spain,276583,26621,1693,143,1
2020-05-11,2020-05-11,Spain,278781,26744,2198,123,1
2020-05-12,2020-05-12,Spain,280722,26920,1941,176,1
2020-05-13,2020-05-13,Spain,282504,27104,1782,184,1
2020-05-14,2020-05-14,Spain,284259,27321,1755,217,1
2020-05-15,2020-05-15,Spain,285898,27459,1639,138,1
2020-05-16,2020-05-16,Spain,287379,27563,1481,104,1
2020-05-17,2020-05-17,Spain,289024,27563,1645,0,1
2020-05-18,2020-05-18,Spain,290720,27709,1696,146,1
2020-05-19,2020-05-19,Spain,292208,27778,1488,69,1
2020-05-20,2020-05-20,Spain,293593,27888,1385,110,1
2020-05-21,2020-05-21,Spain,294881,27940,1288,52,1
2020-05-22,2020-05-22,Spain,296575,28628,1694,688,1
2020-05-23,2020-05-23,Spain,298101,28678,1526,50,1
2020-05-24,2020-05-24,Spain,299509,28752,1408,74,1
2020-05-25,2020-05-25,Spain,300933,26834,1424,-1918,1
2020-05-26,2020-05-26,Spain,302467,27117,1534,283,1
2020-05-27,2020-05-27,Spain,303901,27117,1434,0,1
2020-05-28,2020-05-28,Spain,305694,27119,1793,2,1
2020-05-29,2020-05-29,Spain,307421,27121,1727,2,1
2020-05-30,2020-05-30,Spain,309099,27125,1678,4,1
2020-05-31,2020-05-31,Spain,310478,27127,1379,2,1
2020-06-01,2020-06-01,Spain,311555,27127,1077,0,1
2020-06-02,2020-06-02,Spain,312505,27127,950,0,1
2020-06-03,2020-06-03,Spain,313431,27128,926,1,1
2020-06-04,2020-06-04,Spain,314302,27133,871,5,1
2020-06-05,2020-06-05,Spain,315124,27134,822,1,1
2020-06-06,2020-06-06,Spain,315923,27135,799,1,1
2020-06-07,2020-06-07,Spain,316641,27136,718,1,1
2020-06-08,2020-06-08,Spain,317244,27136,603,0,1
2020-06-09,2020-06-09,Spain,317826,27136,582,0,1
2020-06-10,2020-06-10,Spain,318444,27136,618,0,1
2020-06-11,2020-06-11,Spain,319171,27136,727,0,1
2020-06-12,2020-06-12,Spain,320033,27136,862,0,1
2020-06-13,2020-06-13,Spain,320933,27136,900,0,1
2020-06-14,2020-06-14,Spain,321814,27136,881,0,1
2020-06-15,2020-06-15,Spain,322575,27136,761,0,1
2020-06-16,2020-06-16,Spain,323274,27136,699,0,1
2020-06-17,2020-06-17,Spain,324026,27136,752,0,1
2020-06-18,2020-06-18,Spain,324965,27136,939,0,1
2020-06-19,2020-06-19,Spain,325871,28315,906,1179,1
2020-06-20,2020-06-20,Spain,326791,28322,920,7,1
2020-06-21,2020-06-21,Spain,327702,28323,911,1,1
2020-06-22,2020-06-22,Spain,328531,28324,829,1,1
2020-06-23,2020-06-23,Spain,329310,28325,779,1,1
2020-06-24,2020-06-24,Spain,330113,28327,803,2,1
2020-06-25,2020-06-25,Spain,330980,28330,867,3,1
2020-06-26,2020-06-26,Spain,331911,28338,931,8,1
2020-06-27,2020-06-27,Spain,332980,28341,1069,3,1
2020-06-28,2020-06-28,Spain,333984,28343,1004,2,1
2020-06-29,2020-06-29,Spain,334861,28346,877,3,1
2020-06-30,2020-06-30,Spain,335716,28355,855,9,1
2020-07-01,2020-07-01,Spain,336615,28364,899,9,1
2020-07-02,2020-07-02,Spain,337584,28368,969,4,1
2020-07-03,2020-07-03,Spain,338607,28385,1023,17,1
2020-07-04,2020-07-04,Spain,339744,28385,1137,0,1
2020-07-05,2020-07-05,Spain,340960,28385,1216,0,1
2020-07-06,2020-07-06,Spain,342536,28388,1576,3,1
2020-07-07,2020-07-07,Spain,343953,28392,1417,4,1
2020-07-08,2020-07-08,Spain,345273,28396,1320,4,1
2020-07-09,2020-07-09,Spain,346616,28401,1343,5,1
2020-07-10,2020-07-10,Spain,348134,28403,1518,2,1
2020-07-11,2020-07-11,Spain,349604,28403,1470,0,1
2020-07-12,2020-07-12,Spain,351296,28403,1692,0,1
2020-07-13,2020-07-13,Spain,353408,28406,2112,3,1
2020-07-14,2020-07-14,Spain,355418,28409,2010,3,1
2020-07-15,2020-07-15,Spain,357443,28413,2025,4,1
2020-07-16,2020-07-16,Spain,359645,28416,2202,3,1
2020-07-17,2020-07-17,Spain,361989,28420,2344,4,1
2020-07-18,2020-07-18,Spain,364376,28420,2387,0,1
2020-07-19,2020-07-19,Spain,366895,28420,2519,0,1
2020-07-20,2020-07-20,Spain,370145,28422,3250,2,1
2020-07-21,2020-07-21,Spain,373263,28424,3118,2,1
2020-07-22,2020-07-22,Spain,376268,28426,3005,2,1
2020-07-23,2020-07-23,Spain,379435,28429,3167,3,1
2020-07-24,2020-07-24,Spain,382655,28432,3220,3,1
2020-07-25,2020-07-25,Spain,385744,28432,3089,0,1
2020-07-26,2020-07-26,Spain,388470,28432,2726,0,1
2020-07-27,2020-07-27,Spain,390863,28432,2393,0,1
