date,date_value,country,total_cases,total_deaths,new_cases,new_deaths,id_pandemic
2020-03-11,2020-03-11,Turkey,4,0,3,0,1
2020-03-12,2020-03-12,Turkey,83,0,79,0,1
2020-03-13,2020-03-13,Turkey,195,0,112,0,1
2020-03-14,2020-03-14,Turkey,352,0,157,0,1
2020-03-15,2020-03-15,Turkey,511,0,159,0,1
2020-03-16,2020-03-16,Turkey,677,0,166,0,1
2020-03-17,2020-03-17,Turkey,859,1,182,1,1
2020-03-18,2020-03-18,Turkey,1068,1,209,0,1
2020-03-19,2020-03-19,Turkey,1331,3,263,2,1
2020-03-20,2020-03-20,Turkey,1691,4,360,1,1
2020-03-21,2020-03-21,Turkey,2227,9,536,5,1
2020-03-22,2020-03-22,Turkey,3047,30,820,21,1
2020-03-23,2020-03-23,Turkey,3916,37,869,7,1
2020-03-24,2020-03-24,Turkey,4851,44,935,7,1
2020-03-25,2020-03-25,Turkey,5958,59,1107,15,1
2020-03-26,2020-03-26,Turkey,7430,75,1472,16,1
2020-03-27,2020-03-27,Turkey,9354,92,1924,17,1
2020-03-28,2020-03-28,Turkey,11550,108,2196,16,1
2020-03-29,2020-03-29,Turkey,13966,131,2416,23,1
2020-03-30,2020-03-30,Turkey,16502,168,2536,37,1
2020-03-31,2020-03-31,Turkey,19323,214,2821,46,1
2020-04-01,2020-04-01,Turkey,22246,277,2923,63,1
2020-04-02,2020-04-02,Turkey,25292,356,3046,79,1
2020-04-03,2020-04-03,Turkey,28487,425,3195,69,1
2020-04-04,2020-04-04,Turkey,31835,501,3348,76,1
2020-04-05,2020-04-05,Turkey,35316,574,3481,73,1
2020-04-06,2020-04-06,Turkey,38891,649,3575,75,1
2020-04-07,2020-04-07,Turkey,42711,725,3820,76,1
2020-04-08,2020-04-08,Turkey,46767,812,4056,87,1
2020-04-09,2020-04-09,Turkey,50978,908,4211,96,1
2020-04-10,2020-04-10,Turkey,55486,1006,4508,98,1
2020-04-11,2020-04-11,Turkey,60322,1101,4836,95,1
2020-04-12,2020-04-12,Turkey,65298,1198,4976,97,1
2020-04-13,2020-04-13,Turkey,70177,1296,4879,98,1
2020-04-14,2020-04-14,Turkey,74960,1403,4783,107,1
2020-04-15,2020-04-15,Turkey,79716,1518,4756,115,1
2020-04-16,2020-04-16,Turkey,84587,1643,4871,125,1
2020-04-17,2020-04-17,Turkey,89413,1769,4826,126,1
2020-04-18,2020-04-18,Turkey,94045,1890,4632,121,1
2020-04-19,2020-04-19,Turkey,98570,2017,4525,127,1
2020-04-20,2020-04-20,Turkey,103198,2140,4628,123,1
2020-04-21,2020-04-21,Turkey,107884,2259,4686,119,1
2020-04-22,2020-04-22,Turkey,112218,2376,4334,117,1
2020-04-23,2020-04-23,Turkey,116285,2491,4067,115,1
2020-04-24,2020-04-24,Turkey,120146,2600,3861,109,1
2020-04-25,2020-04-25,Turkey,123791,2706,3645,106,1
2020-04-26,2020-04-26,Turkey,127171,2805,3380,99,1
2020-04-27,2020-04-27,Turkey,130309,2900,3138,95,1
2020-04-28,2020-04-28,Turkey,133314,2992,3005,92,1
2020-04-29,2020-04-29,Turkey,136333,3081,3019,89,1
2020-04-30,2020-04-30,Turkey,139302,3174,2969,93,1
2020-05-01,2020-05-01,Turkey,142157,3258,2855,84,1
2020-05-02,2020-05-02,Turkey,144892,3336,2735,78,1
2020-05-03,2020-05-03,Turkey,147483,3397,2591,61,1
2020-05-04,2020-05-04,Turkey,149959,3461,2476,64,1
2020-05-05,2020-05-05,Turkey,152393,3520,2434,59,1
2020-05-06,2020-05-06,Turkey,154878,3584,2485,64,1
2020-05-07,2020-05-07,Turkey,157358,3641,2480,57,1
2020-05-08,2020-05-08,Turkey,159816,3689,2458,48,1
2020-05-09,2020-05-09,Turkey,162205,3739,2389,50,1
2020-05-10,2020-05-10,Turkey,164545,3786,2340,47,1
2020-05-11,2020-05-11,Turkey,166750,3841,2205,55,1
2020-05-12,2020-05-12,Turkey,168988,3894,2238,53,1
2020-05-13,2020-05-13,Turkey,171244,3952,2256,58,1
2020-05-14,2020-05-14,Turkey,173517,4007,2273,55,1
2020-05-15,2020-05-15,Turkey,175820,4055,2303,48,1
2020-05-16,2020-05-16,Turkey,178131,4096,2311,41,1
2020-05-17,2020-05-17,Turkey,180401,4140,2270,44,1
2020-05-18,2020-05-18,Turkey,182589,4171,2188,31,1
2020-05-19,2020-05-19,Turkey,184677,4199,2088,28,1
2020-05-20,2020-05-20,Turkey,186675,4222,1998,23,1
2020-05-21,2020-05-21,Turkey,188603,4249,1928,27,1
2020-05-22,2020-05-22,Turkey,190477,4276,1874,27,1
2020-05-23,2020-05-23,Turkey,192383,4308,1906,32,1
2020-05-24,2020-05-24,Turkey,194305,4340,1922,32,1
2020-05-25,2020-05-25,Turkey,196197,4369,1892,29,1
2020-05-26,2020-05-26,Turkey,198055,4397,1858,28,1
2020-05-27,2020-05-27,Turkey,199917,4431,1862,34,1
2020-05-28,2020-05-28,Turkey,201827,4461,1910,30,1
2020-05-29,2020-05-29,Turkey,203766,4489,1939,28,1
2020-05-30,2020-05-30,Turkey,205681,4515,1915,26,1
2020-05-31,2020-05-31,Turkey,207528,4540,1847,25,1
2020-06-01,2020-06-01,Turkey,209319,4563,1791,23,1
2020-06-02,2020-06-02,Turkey,211053,4585,1734,22,1
2020-06-03,2020-06-03,Turkey,212776,4609,1723,24,1
2020-06-04,2020-06-04,Turkey,214534,4630,1758,21,1
2020-06-05,2020-06-05,Turkey,216303,4648,1769,18,1
2020-06-06,2020-06-06,Turkey,218062,4669,1759,21,1
2020-06-07,2020-06-07,Turkey,219829,4692,1767,23,1
2020-06-08,2020-06-08,Turkey,221628,4711,1799,19,1
2020-06-09,2020-06-09,Turkey,223454,4729,1826,18,1
2020-06-10,2020-06-10,Turkey,225277,4746,1823,17,1
2020-06-11,2020-06-11,Turkey,227121,4763,1844,17,1
2020-06-12,2020-06-12,Turkey,229042,4778,1921,15,1
2020-06-13,2020-06-13,Turkey,231084,4792,2042,14,1
2020-06-14,2020-06-14,Turkey,233240,4807,2156,15,1
2020-06-15,2020-06-15,Turkey,235489,4825,2249,18,1
2020-06-16,2020-06-16,Turkey,237782,4842,2293,17,1
2020-06-17,2020-06-17,Turkey,240099,4861,2317,19,1
2020-06-18,2020-06-18,Turkey,242404,4882,2305,21,1
2020-06-19,2020-06-19,Turkey,244675,4905,2271,23,1
2020-06-20,2020-06-20,Turkey,246926,4927,2251,22,1
2020-06-21,2020-06-21,Turkey,249146,4950,2220,23,1
2020-06-22,2020-06-22,Turkey,251346,4974,2200,24,1
2020-06-23,2020-06-23,Turkey,253544,5001,2198,27,1
2020-06-24,2020-06-24,Turkey,255790,5025,2246,24,1
2020-06-25,2020-06-25,Turkey,258065,5046,2275,21,1
2020-06-26,2020-06-26,Turkey,260348,5065,2283,19,1
2020-06-27,2020-06-27,Turkey,262631,5082,2283,17,1
2020-06-28,2020-06-28,Turkey,264910,5097,2279,15,1
2020-06-29,2020-06-29,Turkey,267188,5115,2278,18,1
2020-06-30,2020-06-30,Turkey,269447,5131,2259,16,1
2020-07-01,2020-07-01,Turkey,271665,5150,2218,19,1
2020-07-02,2020-07-02,Turkey,273849,5167,2184,17,1
2020-07-03,2020-07-03,Turkey,276003,5186,2154,19,1
2020-07-04,2020-07-04,Turkey,278129,5206,2126,20,1
2020-07-05,2020-07-05,Turkey,280233,5225,2104,19,1
2020-07-06,2020-07-06,Turkey,282302,5241,2069,16,1
2020-07-07,2020-07-07,Turkey,284335,5260,2033,19,1
2020-07-08,2020-07-08,Turkey,286338,5282,2003,22,1
2020-07-09,2020-07-09,Turkey,288313,5300,1975,18,1
2020-07-10,2020-07-10,Turkey,290261,5323,1948,23,1
2020-07-11,2020-07-11,Turkey,292194,5344,1933,21,1
2020-07-12,2020-07-12,Turkey,294115,5363,1921,19,1
2020-07-13,2020-07-13,Turkey,296027,5382,1912,19,1
2020-07-14,2020-07-14,Turkey,297928,5402,1901,20,1
2020-07-15,2020-07-15,Turkey,299807,5419,1879,17,1
2020-07-16,2020-07-16,Turkey,301665,5440,1858,21,1
2020-07-17,2020-07-17,Turkey,303505,5458,1840,18,1
2020-07-18,2020-07-18,Turkey,305330,5475,1825,17,1
2020-07-19,2020-07-19,Turkey,307147,5491,1817,16,1
2020-07-20,2020-07-20,Turkey,308961,5508,1814,17,1
2020-07-21,2020-07-21,Turkey,310773,5526,1812,18,1
2020-07-22,2020-07-22,Turkey,312576,5545,1803,19,1
2020-07-23,2020-07-23,Turkey,314376,5563,1800,18,1
2020-07-24,2020-07-24,Turkey,316183,5580,1807,17,1
2020-07-25,2020-07-25,Turkey,317991,5596,1808,16,1
2020-07-26,2020-07-26,Turkey,319802,5613,1811,17,1
2020-07-27,2020-07-27,Turkey,321614,5630,1812,17,1
